81:174,50,172,100,181,117,237,257,127,222
399:174,210,22,385,258,173,168,732,96,202
890:183,96,180,511,56,199,197,484,100,191
385:174,23,483,175,192,209,59,179,641,171
751:195,173,69,313,191,22,83,176,732,258
34:302,313,340,315,272,347,344,269,307,333
194:172,98,180,357,64,480,479,100,603,511
325:174,479,64,483,603,435,661,427,528,484
414:315,258,268,333,340,286,269,271,307,347
730:181,258,174,288,237,117,127,294,222,313
560:174,100,98,50,127,286,475,269,7,56
886:172,475,96,12,168,92,7,210,238,151
355:331,302,327,344,313,333,326,690,332,887
606:98,50,210,117,7,742,405,318,222,276
595:100,237,150,288,129,410,276,324,117,1012
478:174,56,98,50,127,508,9,7,181,655
489:333,258,328,344,310,895,690,329,292,881
672:237,111,15,286,117,294,126,300,257,255
402:174,1,172,275,258,276,117,98,300,285
830:204,195,79,318,28,96,132,496,64,423
739:174,300,172,313,310,328,302,272,315,258
392:195,286,204,100,258,515,124,480,242,603
907:174,742,204,9,255,126,866,405,276,257
648:50,69,227,222,95,28,566,164,434,7
29:174,313,56,258,272,315,100,340,50,303
166:307,333,326,310,748,879,332,302,271,245
591:174,50,98,514,275,318,14,137,197,462
585:462,512,197,971,285,137,694,224,753,116
530:318,15,69,9,1,258,111,286,181,127
106:174,50,98,15,237,283,70,133,86,100
231:181,237,117,15,294,282,742,1,258,125
665:174,237,204,288,151,121,258,294,100,111
473:100,276,286,269,508,319,93,340,242,258
170:332,300,328,313,310,307,258,748,879,294
679:174,258,98,173,1,22,313,100,210,79
526:174,286,98,258,275,300,1,237,9,257
684:174,50,121,222,95,210,125,257,28,405
598:302,315,272,310,328,690,258,326,316,307
609:237,286,100,258,313,300,294,269,302,275
712:195,720,22,73,88,393,1035,419,161,67
372:185,288,174,307,895,379,334,271,670,573
333:174,50,204,181,258,318,313,127,172,1
615:174,318,98,514,100,483,654,170,480,479
546:98,895,174,333,323,326,358,260,678,325
704:174,479,483,511,302,357,482,474,132,199
179:328,347,307,326,690,286,332,271,301,270
285:98,50,174,258,302,127,181,286,272,515
71:174,50,172,100,127,483,318,181,1,197
291:210,559,176,217,447,436,68,201,928,164
880:79,763,50,268,123,333,313,64,56,55
226:183,100,172,50,127,181,1,269,302,313
140:269,313,258,272,315,340,301,333,242,300
652:195,300,204,313,258,286,50,294,288,181
873:258,333,286,310,307,272,315,302,748,301
101:1,222,15,294,258,100,300,282,118,125
238:237,258,117,313,100,294,288,50,328,181
52:174,286,98,9,1,50,283,14,181,276
763:174,56,172,83,168,64,318,483,86,70
298:204,181,69,100,427,64,205,520,183,222
872:125,322,222,282,1028,678,597,326,294,748
302:333,313,302,300,258,286,272,328,288,315
254:174,98,385,79,161,732,265,215,88,496
748:172,100,98,127,1,168,210,176,183,357
338:98,269,199,515,50,357,529,528,14,478
541:98,71,195,496,393,419,1,732,385,423
367:174,288,176,271,559,895,200,240,195,260
582:174,288,98,258,286,268,333,302,276,127
455:174,318,195,237,258,9,15,22,12,117
282:302,313,333,271,307,286,347,315,340,270
600:98,204,228,385,265,181,234,144,177,566
314:174,15,172,125,1028,280,747,451,926,846
465:174,172,100,181,483,173,168,427,204,515
860:174,302,98,269,258,50,127,315,272,275
112:313,258,690,347,269,344,331,292,326,301
432:121,100,117,1,257,7,298,127,286,25
698:174,181,98,100,1,483,258,183,313,511
19:204,50,174,100,181,127,302,288,286,313
377:174,258,98,50,100,181,288,302,127,300
659:172,480,69,187,234,318,357,132,205,133
59:50,185,22,127,157,216,475,203,234,238
495:183,210,385,97,69,218,443,568,402,73
637:174,300,172,313,258,286,294,748,288,269
43:204,50,1,300,28,283,83,210,22,191
216:204,11,195,475,12,127,318,288,268,273
309:302,313,328,300,333,307,690,310,272,332
941:50,174,100,1,127,288,250,269,222,151
124:174,172,183,210,176,89,50,98,204,79
153:174,98,50,127,181,100,79,172,318,64
876:98,50,172,100,127,181,258,483,1,269
442:183,182,79,475,42,92,55,184,68,127
184:174,191,204,427,213,499,8,660,111,15
557:174,258,98,302,313,100,286,272,269,288
913:174,100,172,181,483,357,1,238,79,135
90:172,133,204,582,213,285,86,487,315,504
481:174,172,483,1,194,98,127,318,168,275
627:174,182,98,187,79,96,234,431,69,172
204:98,286,64,269,313,100,272,306,258,268
729:313,328,258,310,326,302,315,307,271,751
10:172,427,176,318,187,357,514,56,528,50
790:195,210,176,1,11,318,121,173,204,96
577:172,118,195,161,568,210,15,88,739,402
812:333,313,322,307,258,294,310,879,271,245
435:204,50,156,209,55,431,17,475,12,135
737:98,174,50,56,168,179,475,238,483,209
693:172,182,56,318,64,180,69,183,187,234
567:98,23,174,511,656,661,180,488,135,357
828:100,242,23,311,285,306,268,319,137,900
786:174,69,50,181,79,64,22,96,427,483
276:210,127,168,268,200,201,17,483,132,191
419:98,480,172,511,479,483,515,199,427,498
133:313,316,302,286,300,333,328,347,690,301
244:174,11,98,125,475,214,762,238,117,727
500:174,25,172,137,275,14,129,151,50,919
358:191,285,98,14,137,170,124,116,514,221
851:195,288,98,268,181,56,100,895,343,331
123:174,127,180,50,318,480,269,302,479,357
421:195,127,204,181,258,515,23,480,288,313
389:79,479,195,496,427,511,132,705,357,191
755:313,328,315,272,333,307,301,292,316,326
268:98,100,204,56,210,175,238,79,1,4
741:174,318,79,64,28,423,97,132,210,483
620:204,294,79,118,1028,926,257,125,222,385
496:195,173,204,421,168,42,196,12,210,156
351:272,690,315,302,286,301,347,344,316,331
570:270,302,307,313,288,333,258,286,272,269
726:121,118,237,117,294,748,288,15,323,300
345:96,237,195,275,286,70,15,276,531,582
894:98,269,174,137,302,283,19,297,744,268
643:98,204,181,183,238,89,175,151,64,202
85:98,427,183,603,478,196,435,238,173,193
932:50,474,79,705,482,480,604,602,641,429
834:174,286,98,300,302,294,328,268,748,301
190:237,258,100,286,333,50,294,328,127,181
513:174,1,172,237,300,294,405,15,100,742
329:174,258,172,313,268,275,9,285,242,318
846:174,79,195,419,82,191,403,177,132,56
410:302,310,300,328,286,326,333,347,258,307
734:174,69,181,275,1,132,427,191,64,194
346:98,176,69,228,183,566,11,227,222,82
622:204,210,79,1,257,186,238,151,121,222
33:333,307,326,302,748,332,310,879,751,331
815:96,95,69,194,181,210,318,208,168,8
261:328,742,748,333,678,326,258,313,323,288
581:98,475,181,285,324,116,129,14,408,93
883:98,175,204,83,269,168,61,268,181,169
396:125,300,405,678,294,748,222,288,147,1028
359:172,258,174,288,300,100,257,294,313,748
893:174,117,204,121,181,100,7,222,742,257
777:98,100,174,127,50,286,181,258,1,318
675:197,302,170,285,311,303,315,313,275,14
522:174,98,191,183,474,172,195,176,56,89
407:204,173,96,181,1,100,79,175,127,234
518:117,181,15,282,471,111,100,257,255,294
162:50,7,204,100,258,257,288,127,475,273
199:100,124,302,258,127,50,275,313,340,242
320:98,181,50,118,147,597,1016,144,24,1
417:174,11,172,91,210,202,186,208,4,196
9:100,313,174,302,127,275,258,269,318,272
826:204,176,96,228,550,183,566,68,2,62
902:174,181,195,258,313,100,286,269,302,127
661:98,100,176,64,483,173,28,127,196,22
477:204,125,121,476,126,1028,1,117,283,742
773:174,475,56,433,179,474,238,514,512,81
680:174,100,181,275,127,7,237,258,15,124
809:316,258,333,288,268,307,347,310,269,690
825:172,300,204,257,1,405,288,1016,471,15
175:98,174,318,204,69,181,79,28,22,132
752:313,272,316,315,333,310,303,887,311,326
169:174,313,479,286,302,272,269,315,310,100
206:272,347,300,316,286,307,340,690,326,271
592:174,475,172,7,56,93,276,181,182,42
334:172,269,64,340,357,14,258,209,127,137
545:195,385,98,210,550,227,118,173,568,403
119:172,248,195,471,15,125,25,284,276,273
222:98,79,195,96,117,56,241,121,265,237
610:174,172,69,423,79,50,132,22,64,97
707:98,14,174,306,303,319,165,19,213,297
105:315,258,268,340,333,100,301,347,271,307
762:100,258,12,313,268,50,269,127,272,288
535:172,582,98,14,462,509,660,216,83,59
524:98,185,172,12,313,97,200,218,183,427
234:174,479,172,478,197,482,493,485,427,199
461:302,286,269,340,242,303,272,268,258,315
767:174,50,98,480,511,199,479,515,435,197
294:174,258,98,300,302,307,286,294,257,748
23:98,50,168,169,209,210,191,238,474,514
306:100,242,124,14,137,302,475,19,116,276
689:174,288,172,100,257,1,222,294,237,742
717:100,286,181,288,328,326,294,268,275,292
363:204,7,96,24,250,68,258,175,209,42
655:174,654,176,23,606,286,488,100,242,340
55:172,98,195,100,1,258,127,222,96,7
820:313,258,272,315,271,307,286,269,340,268
286:98,421,204,313,258,727,246,86,425,746
253:174,172,181,313,204,28,300,423,258,69
157:181,237,98,275,258,257,15,25,288,7
718:237,117,294,125,1,328,748,181,298,147
864:96,181,202,403,100,385,89,568,135,161
68:100,98,1,15,117,294,121,222,300,257
147:313,315,303,242,272,311,340,347,316,306
768:181,15,50,286,300,258,294,111,742,276
208:204,174,211,318,172,191,132,496,69,196
94:69,288,176,218,216,357,48,340,92,197
311:69,318,97,133,215,71,143,419,485,568
466:204,271,79,751,268,313,307,12,343,346
658:174,172,475,238,357,23,64,12,168,181
212:191,50,98,100,127,258,181,174,483,9
128:174,318,172,95,50,191,699,237,132,588
370:174,483,79,474,479,197,191,357,180,435
782:315,326,333,690,302,879,286,301,331,347
879:100,258,174,300,294,313,117,288,286,121
446:302,316,286,313,300,258,315,333,272,303
188:172,237,183,1,181,117,96,15,405,222
553:172,511,318,127,199,357,498,185,180,528
450:98,657,210,71,402,531,86,15,203,31
61:313,272,302,328,315,316,690,326,344,333
127:181,227,678,121,328,257,118,597,195,117
425:174,258,195,176,183,100,333,12,7,234
635:313,268,258,286,288,340,333,272,100,301
816:328,333,748,307,258,879,310,751,302,332
431:258,313,315,333,302,310,272,326,307,269
14:98,100,79,127,1,408,14,483,475,137
117:195,288,204,100,7,127,98,250,273,294
486:100,285,98,286,508,19,283,319,126,116
93:237,15,100,50,111,181,286,25,117,151
624:98,276,174,268,340,255,333,9,301,269
201:174,23,98,56,1073,200,340,185,127,32
849:204,181,98,50,172,1,96,210,195,117
137:204,328,176,258,117,294,118,288,333,678
240:315,258,333,300,288,268,347,310,328,326
40:340,302,286,269,313,272,346,315,311,347
215:176,22,204,181,173,79,96,318,56,69
438:181,294,117,258,328,742,313,257,275,125
904:204,15,88,313,294,125,742,258,1,476
562:172,204,69,318,50,28,97,64,423,496
379:195,173,210,50,483,479,199,197,181,318
183:172,174,195,98,79,210,50,69,204,96
924:174,127,98,483,480,181,357,479,515,286
558:14,9,242,283,302,319,475,276,50,127
2:50,258,127,300,272,9,268,301,333,288
507:117,326,121,307,332,323,322,270,272,895
744:98,100,191,50,318,56,64,357,9,181
801:258,328,272,307,315,286,751,269,340,748
49:174,179,172,238,408,23,558,93,156,201
854:174,127,172,286,276,237,181,1,427,515
13:174,482,98,64,523,259,136,479,902,168
574:313,315,286,340,347,269,690,303,311,306
722:237,258,742,50,300,313,127,288,1,181
341:872,682,329,333,326,307,271,332,331,323
795:172,56,204,7,98,173,238,195,50,100
898:315,302,333,258,347,300,269,307,286,328
150:100,50,508,258,286,7,276,302,9,150
936:181,14,98,508,137,126,283,242,124,744
838:195,181,98,173,269,483,515,286,202,8
940:98,100,195,286,313,181,318,127,275,483
271:195,483,96,100,194,134,435,86,423,1
517:172,294,174,328,258,313,288,15,333,121
842:302,315,344,347,340,286,346,316,311,887
130:172,250,96,288,260,1016,117,82,100,1012
920:272,347,315,307,331,340,271,316,344,690
897:195,183,385,1,265,568,181,161,566,50
37:98,181,176,121,144,385,50,222,7,118
82:98,172,127,483,427,479,204,64,181,132
569:50,275,181,117,300,294,127,313,285,111
384:300,315,326,307,690,310,316,332,270,288
448:346,887,316,347,311,269,242,286,313,882
324:100,313,237,333,328,117,326,298,332,121
413:127,313,98,302,294,1,288,272,333,285
731:318,98,483,191,496,132,511,133,174,427
356:302,328,300,347,310,326,690,332,331,286
887:174,15,98,411,255,742,546,222,28,237
74:50,286,98,300,302,288,333,127,294,269
725:237,313,50,302,294,288,272,326,307,269
917:282,15,111,275,286,100,1,117,9,258
749:56,385,318,28,161,121,566,97,82,265
671:204,176,385,79,288,117,403,56,183,550
833:174,98,475,919,129,53,603,436,127,176
403:50,117,121,300,15,294,257,282,742,288
195:174,50,98,286,275,313,302,306,237,268
17:100,50,286,127,237,258,275,276,181,9
393:174,568,98,720,393,300,210,272,88,144
538:96,50,204,318,64,181,357,258,210,28
906:237,7,275,9,127,258,50,508,1,15
149:272,315,347,258,316,333,242,270,327,288
383:98,318,23,511,127,170,302,269,179,191
165:172,50,98,100,313,1,288,286,294,56
596:258,181,333,748,302,326,307,315,269,301
628:313,328,333,310,307,344,332,315,879,272
603:174,258,98,195,300,176,79,127,183,210
584:174,50,195,181,1,258,100,173,7,257
604:98,56,185,200,183,23,443,218,288,176
666:174,187,172,197,474,479,134,657,528,521
531:328,307,315,310,326,272,333,301,292,316
230:174,318,183,181,191,660,483,527,732,133
472:172,98,233,95,588,210,294,219,71,121
525:117,50,100,258,1,222,294,9,275,286
171:272,286,316,333,347,340,288,300,301,690
678:181,258,100,313,286,237,294,117,288,275
79:50,286,98,302,242,313,14,319,475,301
404:315,326,333,322,307,301,245,304,286,316
8:96,79,98,234,12,64,173,318,204,135
771:174,275,204,100,257,286,269,173,127,222
330:69,71,195,50,125,143,181,216,402,88
549:181,300,98,1,294,117,313,222,121,15
39:272,286,300,315,690,340,316,303,310,326
703:1,174,117,121,258,15,294,298,7,742
901:79,385,98,118,393,125,380,755,1028,720
70:174,204,173,195,22,98,258,176,168,191
290:204,69,121,173,195,393,82,96,79,228
51:174,172,181,204,98,1,168,318,483,191
100:313,333,326,310,307,690,346,331,271,340
237:180,511,480,483,654,134,135,174,357,435
916:204,42,79,182,209,179,45,381,100,127
301:22,183,385,228,117,234,173,566,405,118
885:172,50,69,181,15,121,237,98,275,496
257:98,286,318,269,242,302,268,319,124,340
714:121,237,222,288,257,1,742,15,328,298
339:174,185,172,192,318,135,11,479,657,480
143:315,302,258,300,286,310,340,316,751,268
540:174,288,98,117,237,1,300,313,127,294
227:275,508,9,286,150,246,237,248,293,319
454:172,181,98,69,127,196,483,132,12,294
778:172,98,96,50,56,183,176,181,22,12
283:174,1,172,181,121,195,7,257,28,186
315:174,50,172,7,179,483,357,124,238,182
462:258,333,302,294,286,307,748,301,316,271
934:98,194,210,50,483,496,659,173,511,197
24:174,50,172,181,1,258,204,64,288,15
113:181,288,100,313,300,326,748,298,302,340
228:98,313,318,258,294,50,315,22,181,300
374:98,172,121,685,566,318,11,96,22,187
875:174,23,79,100,127,483,357,318,286,182
491:7,269,56,302,50,127,515,14,275,242
506:98,205,96,22,228,526,82,265,64,480
58:183,475,96,302,285,127,181,14,258,919
366:218,183,567,98,670,23,5,195,176,444
636:237,50,181,1,257,7,117,288,258,15
211:98,50,69,100,181,174,318,1,258,237
829:50,285,98,14,137,127,269,9,283,514
859:237,100,286,9,268,246,276,508,285,744
308:98,176,209,507,187,517,151,474,443,496
18:172,462,69,707,483,191,70,709,485,166
653:172,195,98,258,183,176,234,222,515,288
798:172,181,69,294,257,71,732,280,477,393
65:174,172,69,181,204,22,216,28,1,132
861:509,275,14,285,283,137,306,269,19,707
554:195,1,210,237,100,127,258,64,121,222
929:174,64,183,357,176,79,181,180,187,197
369:50,302,174,269,258,313,272,286,340,100
788:174,480,172,234,127,313,272,310,22,479
482:181,300,258,286,333,326,288,301,272,310
453:195,56,204,181,100,50,96,268,127,182
288:98,302,172,127,313,258,50,480,269,483
205:313,272,302,286,258,315,300,269,328,690
97:176,474,96,173,209,135,483,210,238,181
494:172,50,1,275,9,318,111,117,25,151
811:313,300,328,748,326,333,302,879,288,269
791:258,313,286,272,315,333,301,310,307,294
434:742,15,237,117,1028,282,294,255,866,25
692:174,50,69,117,237,181,121,257,15,222
785:172,181,98,100,258,127,173,204,7,210
566:174,318,172,197,216,79,50,238,70,190
700:172,98,100,127,258,1,64,56,22,204
187:174,318,204,50,483,172,98,196,238,190
45:237,117,174,405,25,151,125,222,7,508
733:285,475,508,246,268,129,137,93,150,14
134:300,328,288,333,286,50,302,315,307,272
418:313,302,258,286,271,340,315,272,268,347
503:204,86,195,286,83,191,515,64,194,127
808:272,258,286,269,307,288,315,347,310,328
245:174,121,172,294,118,748,328,117,15,257
62:195,1,204,137,238,462,196,408,83,276
426:479,98,498,493,604,654,481,180,523,435
850:195,1,98,496,64,194,483,216,427,423
122:69,318,174,792,216,196,208,209,179,52
259:174,98,100,127,50,56,288,258,11,7
824:246,313,340,288,258,302,286,333,271,300
269:174,180,172,654,32,192,357,171,58,170
740:313,258,286,272,315,268,301,333,690,307
275:174,172,195,183,204,79,96,173,22,168
621:174,288,204,403,258,121,144,184,202,210
202:174,50,176,100,98,181,183,172,483,127
721:98,258,79,300,237,294,1,313,210,191
571:172,50,98,100,483,514,479,275,197,127
344:172,275,195,1,269,515,286,116,83,181
640:172,56,98,302,181,258,268,288,433,176
1:204,168,69,12,175,475,173,56,179,246
756:174,7,172,98,1,275,100,127,173,168
912:174,98,204,172,191,50,208,69,216,133
388:117,271,50,181,748,751,118,332,322,245
510:328,300,333,258,288,307,748,294,286,310
191:272,302,269,347,258,310,690,303,346,268
328:174,310,195,480,64,196,97,215,197,216
923:172,117,1,118,410,298,15,147,546,7
847:195,1,176,100,275,127,15,7,9,111
589:333,326,315,748,307,302,258,879,322,245
735:100,98,313,302,269,275,300,268,272,7
352:204,127,210,7,258,64,288,11,168,1
509:174,313,181,286,100,272,300,269,127,333
387:195,475,204,151,474,81,183,181,176,433
262:174,50,172,216,173,196,132,1,143,423
837:237,15,50,286,1,283,300,100,9,313
933:98,172,50,176,168,210,96,204,79,127
580:742,117,174,288,258,222,1,300,298,118
884:191,50,98,286,137,283,124,86,408,276
32:100,258,172,1,127,286,475,302,333,237
397:98,50,195,603,187,180,511,515,654,269
892:195,204,210,50,28,385,228,199,176,234
428:258,333,328,326,690,286,332,347,292,344
161:174,50,318,100,258,181,127,313,237,56
196:204,50,191,1,151,100,408,275,181,7
519:302,344,307,331,347,882,690,333,326,329
323:174,56,195,7,181,237,475,318,276,12
497:204,7,98,151,403,222,117,250,288,228
416:172,95,79,155,216,763,315,316,64,483
732:313,328,748,326,302,286,310,333,258,315
905:475,286,12,258,288,127,50,269,268,333
662:9,242,124,221,19,14,286,297,319,129
476:174,173,204,172,50,176,195,181,186,403
521:174,172,98,50,7,210,288,100,144,183
674:237,300,174,15,118,257,748,288,328,258
911:98,50,195,483,210,211,496,202,132,318
88:315,313,302,272,292,310,344,347,300,269
390:50,313,237,269,328,294,301,272,690,315
176:181,302,1,258,288,286,475,313,269,508
168:237,50,118,111,471,222,255,274,546,284
593:195,15,210,1,79,64,28,121,402,22
613:98,100,174,286,275,285,9,237,515,276
223:174,300,204,328,117,121,125,15,258,742
776:172,183,56,185,176,195,96,79,443,23
536:96,194,64,173,228,199,202,732,1,168
104:50,258,237,286,269,300,275,288,127,301
233:98,427,172,132,480,496,64,50,357,286
471:204,71,588,720,385,38,28,63,378,1035
297:172,127,195,1,286,475,151,313,276,408
766:174,98,480,479,199,435,483,511,197,89
305:174,269,98,197,483,603,190,514,137,100
686:195,100,69,183,185,483,176,22,302,168
697:100,288,174,258,117,300,508,333,475,276
710:98,172,127,258,181,269,183,168,176,191
7:172,218,176,505,136,5,135,31,671,219
335:313,328,302,258,333,286,315,272,269,307
362:328,272,307,315,288,271,326,310,286,751
774:174,172,195,89,79,135,185,234,96,56
928:174,258,64,50,313,302,100,286,288,181
287:174,288,172,475,258,7,50,181,127,508
20:204,50,172,121,300,1,294,117,222,237
27:50,288,181,117,7,258,508,257,475,1
77:174,172,100,135,127,483,180,357,7,185
719:174,15,204,237,50,275,1,181,97,28
865:12,50,56,127,1,151,269,508,246,124
224:204,22,423,88,216,161,732,739,237,71
146:316,344,286,347,340,303,887,690,333,242
54:181,288,174,333,300,294,257,286,7,222
871:174,333,98,328,181,288,748,294,272,307
818:272,315,286,333,269,347,300,310,340,270
312:174,514,79,194,435,519,523,663,504,529
248:174,7,98,288,56,258,195,1,302,250
467:7,258,50,508,181,127,117,250,237,129
761:181,300,1,121,294,257,328,100,742,118
69:174,100,79,475,127,302,129,324,276,7
638:195,176,98,1,79,222,127,100,228,64
154:98,474,183,23,180,100,483,357,127,654
252:100,127,285,50,258,269,302,508,137,1
878:174,318,204,483,83,191,86,283,213,132
447:172,117,195,237,100,222,1,405,127,210
550:121,258,742,313,294,748,333,326,117,332
365:100,286,237,258,268,302,313,475,508,276
457:50,69,97,265,86,161,238,241,82,153
775:313,302,315,347,340,333,269,316,346,690
209:100,275,181,283,14,286,137,19,242,124
126:272,347,333,690,307,331,326,310,887,270
349:508,100,742,237,258,117,50,1,127,286
66:117,282,100,50,294,121,181,1,288,15
862:174,204,100,7,56,89,1,144,234,475
114:174,603,89,209,168,50,191,511,514,23
430:174,286,172,269,127,285,475,181,242,313
696:100,313,191,272,269,347,316,340,303,690
781:174,98,56,258,12,168,173,183,176,357
371:172,195,96,181,168,28,56,173,318,196
279:172,919,204,114,430,228,250,403,62,1016
625:98,204,100,127,173,56,168,210,191,318
92:195,98,7,12,150,318,127,196,79,55
498:174,100,56,654,475,127,209,135,134,7
138:174,127,64,50,479,197,435,480,9,427
241:272,302,258,315,333,269,690,328,347,316
214:172,50,183,168,474,357,124,175,7,14
41:174,172,483,181,127,168,183,474,210,89
632:210,50,79,28,496,196,588,1,176,216
561:172,209,195,654,474,134,135,357,511,192
769:121,237,15,117,50,181,100,257,275,25
440:170,302,509,268,306,286,340,311,315,269
182:204,50,174,237,100,117,121,127,258,257
559:98,50,172,183,483,480,100,199,195,511
487:174,172,181,50,161,95,202,655,121,79
802:174,271,98,288,307,333,895,751,313,343
853:313,258,328,271,307,326,748,332,751,268
423:7,286,12,300,272,328,315,333,310,301
647:204,50,172,181,1,210,96,69,28,98
796:98,79,210,50,28,234,97,684,88,82
575:174,50,98,181,172,100,56,127,204,64
12:98,181,210,258,100,237,275,22,1,64
340:172,174,496,28,69,181,143,210,318,98
644:181,678,742,245,118,288,333,282,332,222
691:174,172,318,181,100,127,483,183,69,204
488:174,172,204,195,194,483,79,96,132,435
937:100,286,137,269,258,242,302,276,127,313
514:174,202,204,181,168,208,56,86,433,91
270:174,7,172,715,9,286,12,367,381,591
814:183,56,176,185,79,195,288,174,234,50
927:174,181,172,1,742,568,117,1028,161,720
843:183,172,50,98,234,181,96,79,56,185
131:275,9,303,283,306,319,137,221,340,311
246:174,201,204,195,7,56,17,184,176,168
99:174,117,98,121,258,288,181,257,151,127
896:204,181,56,100,69,12,357,11,186,568
36:313,690,300,344,326,328,331,292,347,332
568:98,480,134,511,514,170,285,197,654,855
869:100,50,258,288,181,1,286,7,313,257
266:127,258,318,302,50,269,276,301,340,300
449:197,14,98,116,475,242,512,20,221,275
743:50,269,286,258,313,272,275,515,306,268
412:98,100,204,50,127,181,12,64,258,168
736:100,50,286,268,269,242,302,258,475,285
770:181,286,50,313,1,269,300,276,127,237
888:98,50,318,275,9,1,127,15,181,216
357:121,742,15,257,282,25,255,288,300,181
83:174,118,69,71,237,742,222,143,402,210
724:313,307,302,300,272,315,288,286,271,748
347:174,121,98,127,265,22,176,237,183,64
670:172,50,204,435,427,498,194,197,136,132
930:204,100,237,50,25,1,15,285,283,111
832:333,300,272,302,258,328,288,286,315,310
745:174,50,56,127,181,1,318,483,172,357
192:181,286,98,275,269,313,285,242,300,268
327:172,56,98,179,175,12,168,238,474,173
844:204,173,98,7,96,56,1,64,202,79
31:654,100,23,127,480,515,474,603,357,269
394:174,98,50,95,121,184,22,7,183,588
909:462,269,165,242,306,285,303,311,302,313
539:98,286,191,318,100,14,50,302,480,9
382:98,23,180,475,654,514,192,32,124,127
597:117,258,1,313,288,257,121,323,333,118
64:174,204,173,56,12,210,89,202,7,483
587:272,302,307,326,310,328,347,315,690,331
881:98,172,69,204,265,96,234,181,50,228
607:134,285,197,14,275,124,514,127,50,286
475:181,313,98,302,286,258,272,300,333,340
172:203,98,654,318,50,1,100,237,174,64
677:121,258,181,333,147,250,678,298,271,294
75:174,237,7,15,50,181,127,276,257,288
405:174,226,172,367,588,402,132,182,97,200
78:742,258,100,286,313,50,294,117,1,508
164:50,294,237,288,326,322,118,121,332,282
331:12,269,98,303,340,197,285,474,480,170
617:98,23,176,654,32,589,641,661,474,608
422:174,288,172,7,508,56,268,324,302,156
3:315,313,327,302,333,258,307,272,300,288
702:229,300,228,50,181,328,174,294,748,79
38:204,385,174,402,732,38,143,739,588,451
532:174,328,172,385,471,315,739,258,302,176
900:479,100,174,127,50,98,357,286,23,427
667:174,100,64,50,286,127,483,258,191,197
293:98,204,187,182,197,134,357,318,178,135
765:285,100,269,124,116,50,319,408,9,515
682:174,56,204,288,258,156,64,69,144,568
103:195,50,174,100,181,1,258,237,275,127
668:174,313,172,258,268,333,181,100,315,294
50:93,100,246,129,302,340,286,150,7,346
236:174,50,204,237,1,275,181,300,100,294
594:98,286,318,50,302,127,258,313,275,9
73:98,174,50,23,179,483,182,238,134,603
602:50,300,174,258,328,748,313,288,333,286
158:96,181,98,1,257,298,151,4,95,117
256:174,121,172,25,282,1,77,218,5,742
715:174,117,172,7,210,56,100,763,151,127
336:174,151,172,117,1,25,7,181,125,24
543:172,176,50,100,127,483,168,210,175,318
220:302,313,258,269,272,333,315,300,100,690
142:174,50,172,258,100,302,269,56,173,288
709:204,79,550,117,226,234,188,265,403,181
280:174,98,143,125,237,739,51,88,660,196
779:172,121,174,118,742,237,300,257,405,748
316:318,174,50,127,237,86,1,216,15,285
265:121,117,50,181,15,222,282,405,313,7
463:50,242,181,14,9,268,276,124,137,475
219:191,100,483,50,302,286,127,98,313,272
300:328,682,333,678,323,326,332,358,748,1025
57:174,1,172,117,121,294,300,118,742,125
375:195,174,79,98,385,96,265,550,226,443
874:100,197,269,258,313,50,340,9,272,242
759:237,294,174,313,257,288,286,15,333,100
361:174,100,172,483,511,135,479,462,318,134
914:732,660,88,451,465,699,739,378,162,485
210:172,183,318,173,100,258,22,12,64,423
858:100,302,50,313,258,285,340,242,272,275
943:204,550,96,176,56,568,183,121,265,234
251:174,50,98,181,258,127,121,7,117,257
151:98,498,79,511,211,191,197,153,285,199
799:98,302,174,269,100,313,340,272,480,515
866:272,302,316,313,286,269,258,340,303,268
110:174,313,204,98,12,181,318,56,176,172
145:172,258,183,288,333,300,268,298,895,307
618:172,204,318,1,96,496,97,210,143,568
368:174,288,98,7,271,475,250,200,333,183
483:172,222,174,121,117,257,15,237,294,300
452:204,511,210,318,132,474,357,705,435,83
493:174,50,172,195,127,7,288,1,11,144
468:79,1,69,238,7,168,151,276,483,181
96:172,204,135,357,180,168,175,603,179,209
548:174,333,176,288,127,271,79,310,326,117
437:174,921,64,69,660,527,191,97,433,22
695:313,333,346,347,286,344,331,269,315,690
565:170,512,213,137,59,14,45,224,83,753
649:172,117,121,258,100,222,300,237,294,7
16:176,185,204,50,127,234,182,187,181,28
784:316,333,328,286,347,288,340,310,269,300
444:181,286,98,302,258,301,315,690,242,306
186:174,328,195,118,121,294,282,125,597,742
555:174,1,172,258,257,121,237,222,127,300
135:174,127,79,100,182,200,288,11,187,64
242:286,100,242,304,301,313,312,289,690,300
502:300,748,258,271,678,326,751,307,879,270
806:172,195,173,209,100,181,238,135,210,204
46:50,302,98,258,269,340,272,268,288,315
121:174,286,50,285,269,127,237,276,242,306
427:313,333,326,344,307,690,879,310,347,315
63:275,285,7,269,258,475,268,124,302,9
258:328,258,302,333,315,272,326,307,316,301
810:307,300,258,302,748,315,310,690,272,332
747:96,480,22,528,89,200,435,514,484,523
484:22,28,64,117,168,118,568,71,237,161
459:204,237,79,118,258,405,328,282,111,471
274:174,1,172,121,181,294,222,257,127,151
203:7,258,1,100,294,300,313,237,286,257
318:174,318,172,660,216,69,97,427,155,286
572:100,275,258,50,313,285,269,127,237,302
720:313,303,269,340,311,344,347,346,690,305
343:98,318,172,190,156,216,182,509,582,684
87:98,181,195,117,1,168,96,69,95,257
623:174,172,1,98,318,100,173,64,496,168
641:479,474,180,100,483,480,50,98,269,603
757:79,181,121,117,100,1,168,12,127,234
181:237,300,117,294,258,288,15,328,118,313
840:172,479,195,511,134,482,211,478,427,603
634:1,276,181,282,258,288,127,300,298,293
922:172,210,204,181,95,168,195,385,121,403
505:204,50,172,181,79,318,28,294,69,258
44:98,176,79,56,210,127,7,28,234,483
588:174,22,172,50,403,423,66,202,132,794
353:272,302,300,310,258,328,307,326,347,690
918:496,213,197,462,736,694,14,285,137,166
856:313,328,302,333,310,288,326,269,301,316
848:98,211,195,168,435,208,64,194,69,496
386:742,121,181,257,288,50,258,298,118,300
529:313,300,302,315,272,690,340,748,879,347
263:172,483,50,480,28,191,496,435,479,511
925:200,313,11,258,333,100,302,127,307,286
408:313,316,258,333,286,269,340,347,268,271
836:98,50,172,100,127,286,483,480,427,197
511:307,302,313,288,326,331,332,327,347,879
80:318,127,197,302,286,269,9,258,50,12
398:174,98,204,318,64,210,133,511,498,168
891:117,15,1,275,111,300,125,294,118,255
35:323,328,313,333,307,326,310,302,258,292
750:302,313,258,300,272,315,333,347,307,316
401:98,50,172,86,64,9,69,660,132,237
160:98,475,172,7,156,50,919,276,238,93
197:195,751,98,313,271,79,385,227,333,310
322:98,174,100,56,180,187,357,302,480,183
415:98,50,172,127,100,313,286,300,181,302
583:98,174,50,127,56,168,172,135,318,64
804:172,222,96,300,79,127,168,117,82,429
354:174,275,98,14,269,462,137,190,224,512
827:313,258,302,300,286,333,288,315,328,307
464:174,313,172,286,100,272,181,328,310,315
663:172,258,195,127,268,273,237,276,50,302
805:174,433,195,156,81,201,208,919,109,154
479:98,50,96,100,515,79,89,64,135,56
673:302,272,258,347,316,300,333,690,303,301
520:302,313,275,258,300,272,301,306,50,303
831:172,258,98,302,286,300,127,288,268,269
89:174,275,98,286,111,257,9,285,137,258
915:272,316,258,269,340,346,333,310,268,307
391:172,127,98,56,185,197,12,521,528,654
28:98,183,172,185,181,96,200,443,135,218
167:174,514,191,498,511,213,504,705,479,197
590:9,242,50,508,283,19,116,93,269,129
705:172,121,204,181,742,15,1028,125,926,88
107:313,286,315,272,347,316,303,301,268,333
664:195,357,204,474,191,479,135,23,238,603
537:98,285,174,302,286,269,514,170,654,59
232:174,318,79,286,127,269,480,134,179,479
470:237,181,117,127,1,15,7,150,129,151
527:172,474,98,483,179,654,175,135,168,318
177:98,96,100,268,258,50,357,180,64,181
304:742,258,117,300,50,288,328,181,100,286
608:174,480,172,313,272,132,185,315,527,302
687:302,258,333,286,328,315,272,307,271,326
711:174,86,69,268,381,286,792,462,367,283
332:176,288,183,763,405,11,472,148,298,546
547:272,286,307,269,300,347,301,268,310,690
612:50,237,181,313,286,127,258,294,121,222
76:174,100,195,475,23,127,654,59,514,179
178:174,98,204,121,79,742,423,95,405,282
681:313,302,310,300,315,272,328,326,347,316
284:313,272,316,311,242,690,306,333,310,301
910:172,100,79,127,181,7,258,64,318,121
21:174,288,12,475,7,185,508,50,333,293
296:174,318,195,13,137,258,302,15,129,64
141:121,742,118,15,257,748,405,111,1,288
789:7,258,174,288,286,268,237,1,9,285
225:174,496,197,511,318,427,199,483,435,132
870:204,187,79,483,180,127,135,191,156,200
239:172,23,195,514,479,483,480,100,32,197
53:172,121,204,1,117,222,237,7,127,405
764:172,50,204,181,742,294,471,118,274,9
639:197,165,191,479,190,478,285,318,480,50
299:174,709,172,100,462,116,59,213,197,168
249:172,475,204,127,268,181,288,276,258,96
760:204,300,202,294,328,118,15,313,121,322
303:172,7,79,11,64,154,24,367,175,8
5:98,168,195,210,175,202,176,144,7,91
255:12,895,174,358,333,250,475,268,260,123
601:98,1,204,173,56,151,7,238,195,95
738:79,168,210,100,127,22,483,191,194,95
551:172,22,12,183,628,161,282,125,54,216
772:300,333,286,310,347,316,690,288,269,301
364:302,288,100,313,333,258,340,307,326,300
26:174,258,172,286,294,237,1,333,257,117
313:96,185,22,228,510,523,28,496,429,603
348:125,181,282,597,257,866,300,255,815,405
433:174,100,98,269,285,127,258,275,124,9
863:258,347,269,340,326,346,270,879,332,292
67:742,763,1,118,410,1047,288,597,1016,147
115:98,100,195,182,23,276,156,150,129,288
376:174,50,318,127,9,286,275,1,258,56
436:174,56,195,655,200,402,5,185,318,31
109:98,64,173,118,405,168,161,742,68,28
207:172,100,204,50,181,1,22,427,97,132
42:174,176,79,739,265,423,22,393,97,15
139:276,286,50,302,242,340,313,269,285,690
91:172,300,204,310,272,205,315,510,199,258
217:174,195,385,181,172,227,550,210,228,265
125:204,181,98,210,1,83,208,228,732,28
152:174,402,28,699,318,732,378,95,451,88
819:302,313,269,242,285,272,258,100,301,311
185:98,275,191,100,286,50,127,1,269,14
441:237,258,181,300,50,288,313,100,127,286
556:174,100,98,480,357,50,483,318,269,23
480:174,483,98,474,514,197,480,134,654,199
599:742,117,121,15,125,1028,815,118,866,476
626:315,288,100,268,269,340,333,301,347,307
278:50,302,100,313,258,272,300,340,127,316
420:479,269,483,50,242,515,306,268,258,9
852:181,121,174,117,300,294,288,742,748,222
576:174,181,117,121,222,127,7,275,25,405
813:313,328,333,326,258,302,288,748,272,332
797:181,100,172,258,1,222,286,237,7,300
868:172,175,195,168,56,182,357,144,169,96
645:204,56,210,12,238,603,187,197,183,134
690:172,204,210,96,181,64,117,265,121,195
787:272,302,300,328,333,315,258,326,316,271
11:174,258,98,196,50,216,172,28,283,483
98:174,204,50,98,172,100,168,1,127,318
47:302,286,313,269,272,315,333,347,288,242
277:100,117,288,276,275,121,50,127,471,298
515:272,302,333,326,332,347,328,895,331,751
132:483,50,64,475,286,98,9,276,269,514
926:313,272,286,269,333,288,300,268,340,316
501:50,508,1,1012,246,268,763,258,298,24
247:174,100,172,275,286,1,269,313,127,9
803:302,286,313,258,333,300,272,315,690,288
25:172,98,168,210,195,199,496,194,483,100
754:742,237,300,258,121,294,100,1,50,15
699:56,286,12,288,508,302,127,313,276,9
499:174,269,172,302,286,50,272,480,258,315
267:96,175,79,173,135,234,4,11,144,227
630:174,125,204,15,257,282,181,405,50,328
742:181,258,98,276,286,9,275,7,117,285
508:98,204,56,173,483,64,135,179,100,89
350:183,127,96,100,357,56,474,180,318,511
889:79,238,69,209,175,50,7,135,475,89
429:98,176,64,100,12,168,655,135,180,179
727:195,50,204,181,210,168,385,222,1,257
895:50,237,258,286,313,300,15,257,127,9
84:174,50,1,181,275,127,9,294,257,111
642:195,1035,98,378,402,63,202,768,67,625
835:172,480,204,185,64,187,9,182,132,100
780:174,69,50,483,132,181,98,191,427,197
931:50,313,258,328,269,301,275,294,310,237
512:174,313,98,127,12,288,258,268,22,182
939:121,117,282,25,125,111,1,294,476,815
193:172,328,98,315,294,318,272,258,402,22
326:172,183,204,199,195,435,705,177,176,429
411:204,98,173,69,64,96,95,195,191,423
845:302,344,272,887,347,303,292,898,882,316
395:174,50,294,300,22,313,222,204,79,69
30:50,204,300,269,100,302,1,328,748,288
908:174,98,474,480,172,191,511,357,197,89
381:174,275,172,318,98,197,283,100,127,511
800:172,300,174,258,100,286,294,313,117,288
753:172,302,98,286,258,100,127,318,181,480
6:174,100,98,197,127,357,654,285,286,603
260:307,271,326,329,331,332,344,302,879,328
706:121,300,742,100,15,257,222,288,282,313
758:174,515,50,408,175,1,258,56,169,189
586:98,68,176,385,11,22,218,566,233,210
882:174,204,1,210,69,385,71,496,96,22
474:176,180,168,357,133,100,654,136,132,632
523:174,275,172,283,408,740,165,736,15,137
173:313,307,333,340,288,315,272,310,301,347
676:98,313,204,300,269,258,328,286,310,294
406:172,238,79,100,200,514,168,479,218,209
163:174,313,69,50,100,127,302,286,181,288
504:172,97,204,443,117,673,15,64,1028,88
198:174,172,238,12,127,100,179,185,204,483
321:174,511,98,170,474,134,191,213,482,318
456:174,58,98,11,182,150,655,157,318,428
616:315,300,272,333,307,328,310,326,690,271
701:181,302,98,258,300,301,242,333,340,306
229:315,313,347,303,316,272,690,242,306,305
903:174,100,172,127,12,7,273,11,508,129
660:174,172,168,258,204,100,202,474,197,89
533:98,237,210,515,274,100,405,79,216,199
654:96,1,98,181,15,294,222,117,237,7
292:172,50,98,474,56,515,514,23,89,238
683:318,313,174,286,272,269,315,258,303,301
821:98,15,172,50,9,100,204,283,216,127
235:172,603,98,479,482,302,197,514,357,661
669:174,127,172,100,357,98,483,286,318,515
174:174,275,98,111,318,313,274,255,216,815
380:172,197,64,191,275,216,134,70,269,14
72:172,218,195,56,237,185,11,183,216,117
716:172,50,64,191,483,132,210,168,523,275
118:183,195,156,89,209,17,12,182,168,219
337:172,174,210,181,195,1,173,176,96,98
611:313,302,258,316,346,268,331,690,303,270
542:174,56,98,168,204,151,7,95,8,153
221:174,288,98,182,11,410,12,127,268,195
708:742,15,121,282,300,125,294,815,476,328
534:181,763,100,323,298,257,1016,125,405,222
102:172,50,176,181,173,100,79,127,22,96
317:313,271,302,333,307,258,326,751,272,879
460:124,269,50,268,340,275,14,319,258,303
22:172,98,210,202,183,121,1,7,204,186
295:204,451,195,732,72,69,432,699,778,153
218:98,174,56,127,50,182,172,89,238,175
307:98,173,204,210,195,191,202,95,176,83
688:331,328,313,300,310,333,690,315,748,682
651:100,313,275,258,272,340,300,303,315,301
159:121,300,237,328,282,742,748,866,148,281
877:174,313,172,50,318,286,300,70,272,196
56:96,121,22,95,82,403,117,742,228,168
360:174,515,98,14,9,258,318,242,276,86
281:328,313,258,333,302,315,286,272,326,307
129:302,313,258,315,268,340,303,300,301,316
156:479,98,191,357,483,23,127,603,511,654
942:204,313,98,328,322,286,294,132,483,133
250:174,9,172,286,508,185,318,237,276,275
867:204,127,176,100,258,302,183,515,357,64
111:272,258,300,316,347,310,690,307,340,326
144:79,100,204,275,124,9,181,269,276,127
451:313,322,302,271,315,310,286,272,268,340
95:174,176,95,483,423,153,732,132,208,588
4:313,302,333,307,347,272,315,331,346,340
310:172,275,174,100,285,286,283,14,269,124
793:174,288,172,7,258,237,1,475,276,121
492:180,50,98,515,357,9,480,483,427,174
469:132,480,191,511,479,498,514,661,478,493
213:96,1,183,237,168,69,210,222,405,9
694:195,136,79,498,480,523,479,483,423,64
783:313,302,288,326,331,328,347,272,268,300
564:50,258,174,328,286,333,294,288,748,310
373:98,168,195,28,83,202,732,588,423,216
189:98,483,183,50,515,427,514,529,603,9
445:172,100,98,127,258,288,302,268,50,12
552:181,100,1,313,288,275,15,117,257,276
605:174,50,318,237,127,9,258,313,181,300
243:204,275,69,14,286,283,318,50,137,100
807:98,181,195,121,163,173,94,265,141,168
424:98,286,237,300,294,258,50,313,748,1
938:174,117,172,237,15,1,288,294,742,282
614:237,7,117,15,50,288,258,25,127,282
120:237,181,117,100,15,300,294,313,257,288
728:237,286,1,300,275,294,258,313,257,126
817:181,258,7,300,333,100,313,298,50,294
15:100,286,237,275,126,313,294,328,322,283
116:174,302,98,313,269,286,272,100,50,340
60:174,56,194,484,520,480,211,427,504,478
746:195,210,50,79,98,173,168,228,28,69
485:272,315,268,347,340,331,344,286,316,307
458:174,9,98,50,508,357,286,528,151,197
200:172,181,195,79,69,118,265,96,403,566
650:172,195,211,484,474,498,430,483,523,510
136:174,100,50,275,285,1,181,237,269,302
319:272,286,333,300,258,315,328,269,301,690
633:174,172,181,176,222,22,1,204,210,258
579:174,181,172,318,275,204,127,237,28,64
899:210,181,69,1,173,22,28,196,100,56
342:174,151,98,285,1,508,50,221,127,137
439:100,475,286,258,288,302,313,237,508,127
713:315,313,316,286,340,333,258,690,300,346
619:172,328,204,333,288,222,271,751,294,748
563:204,1,172,181,15,121,95,174,28,222
935:50,294,1,111,471,405,257,25,328,255
378:195,69,56,216,1,367,95,402,50,496
823:210,318,69,655,12,22,208,209,28,11
180:174,172,204,210,70,168,64,88,86,238
921:204,50,195,300,121,1,118,125,742,95
841:328,307,326,310,690,332,316,301,879,347
48:174,197,204,479,318,199,474,435,127,498
657:100,286,237,258,127,268,302,313,50,288
855:529,170,14,514,213,137,285,59,190,197
919:172,288,69,50,268,302,1,237,301,7
723:172,50,195,181,100,1,127,7,98,222
794:100,172,286,124,302,319,408,276,515,258
573:172,100,98,318,483,197,357,511,180,286
264:174,100,172,50,408,89,475,23,154,474
528:172,98,204,100,127,318,1,79,64,56
839:100,181,288,508,276,237,7,9,258,275
148:98,181,204,173,210,100,195,483,496,127
409:96,654,64,170,134,175,197,135,513,190
516:174,100,172,127,269,258,302,313,98,318
272:174,195,100,318,64,182,180,185,197,135
629:79,318,96,12,181,100,313,11,216,237
