81:174,172,204,50,100,56,195,181,237,96
399:174,22,69,204,98,64,195,79,28,12
890:183,96,79,173,318,22,56,64,202,191
385:174,483,480,64,23,318,191,603,496,12
751:195,69,176,173,22,64,423,183,318,12
34:302,313,750,307,310,328,272,300,327,269
194:172,98,64,195,79,210,56,96,196,50
325:174,64,191,483,479,56,183,318,204,89
414:315,258,333,316,307,268,271,269,100,12
730:181,174,172,237,98,222,117,204,96,173
560:174,98,172,56,195,176,50,64,180,479
886:172,96,204,183,318,69,210,12,168,202
355:331,327,333,332,302,271,313,315,301,300
606:98,210,79,50,318,173,12,191,496,228
595:100,237,174,172,1,98,7,204,117,64
478:174,98,172,56,69,195,96,22,210,173
489:333,258,328,269,310,323,294,268,301,100
672:237,111,742,125,15,121,1,117,100,118
402:174,172,98,195,64,56,79,318,176,173
830:204,195,79,176,96,64,318,56,168,89
739:174,172,98,204,318,64,176,210,183,423
392:195,204,176,89,56,183,168,210,64,96
907:174,204,195,56,181,64,69,210,176,183
648:50,69,56,64,318,12,28,132,196,197
29:174,56,64,483,318,172,479,100,50,197
166:307,333,272,748,294,302,315,288,271,326
591:174,98,318,172,69,197,168,79,483,173
585:462,197,83,479,191,529,137,285,61,582
530:318,69,79,176,210,195,56,423,22,181
106:174,98,172,204,79,196,423,191,195,56
231:181,117,237,742,204,222,1,174,118,125
665:174,204,79,176,195,64,318,69,168,96
473:100,276,7,9,12,50,508,237,56,98
170:332,328,307,323,313,300,748,331,597,291
679:174,98,204,64,173,191,210,22,423,79
526:174,98,172,1,237,56,475,12,258,64
684:174,50,69,210,79,64,195,173,28,423
598:302,272,258,315,328,310,316,307,690,100
609:237,100,1,9,275,204,14,276,25,7
712:195,22,98,69,202,176,28,423,168,183
372:185,174,176,64,195,69,204,96,172,89
333:174,204,172,79,64,318,191,69,210,196
615:174,98,318,204,172,196,64,474,132,483
546:98,174,195,50,183,176,172,96,79,204
704:174,483,479,172,474,64,191,183,357,23
179:328,307,269,286,347,271,750,268,294,301
285:98,174,50,172,64,176,204,195,69,96
71:174,172,12,183,191,318,180,195,474,483
291:210,176,22,183,318,28,89,191,144,196
880:79,50,176,183,64,56,168,173,196,89
226:183,172,195,64,318,79,191,50,96,69
140:269,313,315,258,268,340,100,285,316,272
652:195,204,79,181,237,742,172,22,174,50
873:258,333,307,288,272,332,748,742,315,237
101:1,222,204,174,172,118,96,125,195,7
238:237,117,742,181,222,118,50,1,204,100
52:174,98,69,172,64,50,423,181,79,12
763:174,172,64,183,56,204,96,318,168,181
298:204,69,181,22,96,176,64,318,183,56
872:125,222,181,282,15,597,1,204,313,50
302:333,313,328,331,300,751,310,315,340,258
254:174,98,79,195,176,318,202,96,191,173
748:172,98,204,176,210,183,69,168,64,12
338:98,199,191,132,89,23,318,64,185,496
541:98,195,69,22,96,64,176,423,202,318
367:174,176,172,12,195,79,181,64,96,89
582:174,98,172,127,56,12,237,204,173,64
455:174,195,210,22,318,183,176,168,12,202
282:302,313,340,271,286,268,272,333,307,315
600:98,204,173,69,64,181,12,168,202,144
314:174,172,98,64,196,79,191,385,210,202
465:174,172,204,69,56,483,496,183,168,173
860:174,98,172,69,79,318,210,64,191,173
112:313,258,347,269,326,331,294,301,751,748
432:121,117,1,100,174,172,204,7,98,127
698:174,98,204,183,79,181,168,64,22,69
19:204,174,172,195,98,173,69,191,168,56
377:174,98,12,172,176,183,204,173,79,64
659:172,69,56,22,318,50,168,28,12,132
59:50,22,191,483,144,196,185,474,234,216
495:183,210,69,22,318,12,89,28,191,196
637:174,172,204,98,237,7,127,117,79,173
43:204,50,69,79,210,195,22,176,56,183
216:204,195,69,96,318,176,181,183,173,12
309:302,328,333,307,313,300,301,294,327,272
941:50,174,1,172,100,222,173,195,96,121
124:174,172,176,204,79,183,385,210,202,22
153:174,98,64,79,195,318,204,172,22,12
876:98,172,191,69,483,64,204,194,357,479
442:183,79,204,22,168,173,210,69,50,202
184:174,204,69,176,56,191,79,195,479,12
557:174,98,172,79,56,195,183,64,204,181
913:174,172,79,69,210,181,423,483,196,496
90:172,204,195,64,183,69,176,22,191,180
481:174,172,98,195,69,173,64,79,318,168
627:174,98,172,96,56,204,69,79,423,173
204:98,64,100,174,483,56,197,479,357,69
729:313,328,258,315,307,294,288,332,310,326
10:172,176,56,204,318,96,79,89,50,22
790:195,176,79,204,96,210,69,173,64,89
577:172,195,210,56,64,22,196,89,234,132
812:333,322,313,258,294,307,323,271,742,879
435:204,50,318,12,28,423,191,216,234,483
737:98,174,56,172,318,168,191,180,238,195
693:172,56,176,64,318,204,183,69,89,22
567:98,174,195,172,23,180,12,168,79,64
828:100,23,285,238,509,134,170,12,474,47
786:174,69,79,96,50,64,22,56,168,181
276:210,168,191,483,216,132,228,127,134,97
419:98,172,204,318,56,64,483,191,479,168
133:313,316,302,286,333,347,307,300,328,288
244:174,98,204,28,79,210,56,195,181,423
500:174,172,176,64,204,191,79,12,195,318
358:191,98,174,479,180,483,64,185,134,496
851:195,98,56,183,96,79,210,69,181,318
123:174,180,23,64,480,479,318,132,474,56
421:195,204,64,210,181,22,173,69,318,168
389:79,195,183,210,96,173,22,318,12,479
755:313,328,272,333,315,307,100,288,294,50
268:98,204,56,210,79,22,69,64,318,202
741:174,79,64,318,210,173,183,195,96,28
620:204,79,69,195,210,22,96,176,318,64
496:195,204,176,79,183,173,64,12,22,210
351:272,315,333,258,302,316,690,331,322,301
570:270,307,346,262,340,347,751,302,331,272
726:121,237,181,117,204,742,100,125,111,174
345:96,195,22,168,176,183,28,423,196,202
894:98,174,50,64,483,197,12,191,56,480
643:98,204,183,181,22,89,64,69,318,202
85:98,183,79,195,210,22,56,173,176,196
932:50,79,56,173,64,181,69,202,22,12
834:174,98,172,1,56,222,121,204,64,79
190:237,100,181,258,121,50,742,174,98,1
513:174,172,204,79,1,195,96,22,98,173
329:174,172,64,56,318,204,191,176,195,173
846:174,195,204,79,56,191,180,496,132,357
410:302,310,750,347,286,258,333,307,328,751
734:174,69,79,64,210,195,22,196,173,132
346:98,69,176,173,183,28,202,89,191,483
622:204,79,210,318,423,191,28,483,196,234
33:333,307,294,748,332,326,322,302,742,751
815:96,69,210,79,318,181,64,56,22,168
261:328,742,307,748,237,121,125,313,258,323
581:98,181,174,12,56,64,172,124,1,318
883:98,204,183,56,22,181,69,168,191,483
396:125,405,222,15,1,181,147,204,385,257
359:172,174,100,98,195,222,96,173,56,176
893:174,204,195,181,79,98,22,210,64,28
777:98,174,69,318,172,191,64,204,12,197
675:197,170,98,483,479,191,100,302,134,14
522:174,191,98,474,64,197,89,483,134,172
407:204,96,79,318,22,173,64,181,12,28
518:117,181,100,7,15,282,204,50,174,257
162:50,204,172,98,96,210,195,69,22,100
199:100,124,275,127,137,7,12,98,56,302
320:98,50,69,168,181,64,12,144,202,318
417:174,172,176,204,96,79,318,69,210,22
9:100,174,98,12,483,480,127,172,134,9
826:204,96,50,79,98,176,69,56,202,173
902:174,195,204,98,96,173,183,181,22,64
661:98,176,22,173,56,64,202,28,423,12
477:204,121,742,202,125,692,216,117,70,1
773:174,56,69,204,79,183,173,195,12,176
680:174,100,181,172,98,96,204,12,173,127
809:316,258,269,333,100,288,328,307,310,268
825:172,204,79,96,1,56,183,173,210,22
175:98,174,204,69,176,318,79,423,195,22
752:313,272,315,316,333,258,286,268,300,310
169:174,479,98,183,204,132,69,185,483,197
206:272,300,316,286,307,328,50,100,181,294
592:174,172,56,210,181,202,496,474,144,182
334:172,64,195,69,79,56,176,89,96,210
545:195,98,210,22,173,64,89,56,318,191
119:172,195,98,79,50,69,173,318,176,12
222:98,195,96,79,56,202,173,89,191,82
610:174,172,79,195,64,69,204,56,89,191
707:98,174,204,479,64,132,197,496,69,12
105:315,258,100,333,340,316,300,268,127,50
762:100,12,269,258,9,127,98,313,275,50
535:172,98,204,191,69,56,195,64,22,79
524:98,172,204,195,176,64,22,183,483,210
234:174,172,204,79,56,12,195,180,185,196
461:302,286,100,272,269,275,124,315,318,258
767:174,98,195,176,79,69,64,50,318,204
294:174,98,1,172,56,204,79,195,96,12
23:98,50,204,96,176,210,183,168,318,22
306:100,124,14,9,475,276,137,116,127,50
689:174,172,222,237,1,96,742,100,204,98
717:100,181,50,121,742,1,174,98,56,405
363:204,96,98,183,22,79,56,69,64,202
655:174,176,56,195,318,12,204,483,496,69
55:172,195,98,96,204,210,176,183,173,64
820:313,258,272,269,316,315,271,300,307,286
286:98,204,79,168,69,22,181,56,318,64
253:174,172,195,204,176,69,56,181,191,423
157:181,98,7,237,174,475,56,12,172,275
718:237,117,125,181,1,204,385,568,50,96
864:96,181,89,202,185,100,180,97,385,479
68:100,98,174,172,1,204,7,79,56,318
147:313,315,272,242,340,311,347,303,100,258
768:181,50,174,98,742,7,204,172,64,79
208:204,211,174,191,196,69,435,496,172,732
94:69,176,195,210,96,181,89,202,496,357
311:69,318,89,144,185,100,427,474,95,182
466:204,79,98,183,56,173,69,64,168,89
658:174,172,181,79,64,12,195,204,191,183
212:191,98,197,174,64,483,479,180,69,196
128:174,172,69,318,195,202,22,196,56,96
370:174,79,56,96,204,89,173,69,318,168
782:315,333,302,50,181,237,117,100,742,294
879:100,174,172,117,204,121,98,742,64,7
446:302,316,313,272,307,340,286,303,305,262
188:172,183,195,22,56,96,181,28,12,202
553:172,318,64,204,195,79,496,56,50,180
450:98,210,173,168,196,483,234,385,134,82
61:313,272,328,750,302,316,315,307,288,748
127:181,227,195,172,174,385,22,176,204,210
425:174,195,176,183,210,173,69,12,22,318
635:313,268,272,258,100,286,315,301,50,340
816:328,333,258,307,748,678,332,331,879,742
431:258,313,333,742,307,117,302,237,323,332
14:98,79,176,183,22,64,69,89,318,144
117:195,204,98,79,176,22,210,64,69,183
486:100,98,174,127,172,117,56,12,222,204
93:237,100,111,151,9,25,50,318,204,588
624:98,174,172,1,56,117,12,9,64,276
201:174,98,195,69,56,64,22,210,173,89
849:204,98,172,96,195,79,210,22,181,385
137:204,176,98,22,173,69,144,56,202,1
240:315,333,258,316,300,100,268,328,310,288
40:340,286,302,316,306,297,272,269,262,345
215:176,204,69,79,96,318,22,173,56,181
438:181,117,742,174,204,125,222,257,98,172
904:204,88,69,742,318,143,70,732,121,216
562:172,204,64,183,318,176,191,195,69,496
379:195,210,318,22,50,173,423,181,196,483
183:172,195,174,204,176,79,22,69,210,183
924:174,98,204,176,79,56,69,183,181,22
558:14,9,283,276,127,475,238,191,7,302
2:50,127,9,181,475,98,7,124,318,117
507:117,121,222,237,172,742,174,1,272,96
744:98,191,12,197,56,185,100,64,480,172
801:258,328,272,307,315,316,286,332,269,742
49:174,172,89,238,173,195,176,204,183,64
854:174,172,204,183,195,22,96,496,176,181
13:174,98,176,195,210,79,64,96,318,56
574:313,315,340,269,347,286,307,333,750,328
722:237,742,181,1,50,258,174,204,98,222
341:872,682,260,333,326,307,329,332,271,984
795:172,204,195,98,176,56,96,79,183,173
898:315,302,307,751,333,258,288,300,286,269
150:100,50,7,276,150,56,172,98,508,174
936:181,98,174,172,56,64,318,12,204,79
838:195,98,79,181,64,176,173,318,183,202
940:98,195,79,210,183,168,318,69,64,181
271:195,96,56,176,423,183,168,483,89,185
517:172,174,1,100,237,98,79,204,210,121
842:302,315,316,307,286,340,271,347,258,346
130:172,96,56,318,173,168,191,82,216,496
920:272,315,288,300,316,286,307,328,269,271
897:195,183,56,64,50,318,202,173,196,12
37:98,176,204,69,50,64,173,12,181,144
82:98,172,204,64,479,22,483,196,79,56
569:50,181,98,121,174,117,127,318,12,204
384:300,315,307,316,288,269,50,294,100,326
448:346,316,313,347,315,272,327,286,268,887
324:100,237,181,98,7,174,56,172,117,742
413:127,98,174,1,172,7,204,318,117,64
731:318,98,174,423,196,191,496,172,79,479
356:302,328,300,310,750,288,751,286,269,326
887:174,98,79,183,173,64,56,28,423,89
74:50,98,181,174,1,318,127,64,117,204
725:237,50,313,7,181,127,98,318,302,117
917:282,111,117,100,248,742,9,284,125,276
749:56,318,64,28,144,12,479,357,385,474
671:204,176,79,56,183,173,64,69,168,202
833:174,98,176,172,64,79,204,318,22,69
403:50,117,174,121,98,172,7,742,204,79
195:174,98,172,318,64,204,50,12,183,69
17:100,50,12,181,98,276,237,174,56,173
393:174,98,69,195,210,423,50,56,202,176
538:96,204,64,318,210,50,89,173,168,28
906:237,7,1,742,124,9,275,127,50,475
149:272,315,100,316,347,258,333,285,12,127
383:98,23,174,191,318,64,185,211,199,187
165:172,98,50,204,195,69,210,79,173,22
596:258,181,237,333,100,1,742,302,174,172
628:313,328,307,286,333,272,269,316,331,748
603:174,98,195,96,176,79,210,183,64,204
584:174,195,204,176,22,202,28,96,183,181
604:98,56,174,12,64,185,79,200,238,183
666:174,172,195,479,69,474,79,204,197,168
531:328,307,272,258,310,333,315,316,322,326
230:174,183,195,210,318,96,56,181,173,12
472:172,98,204,69,210,89,168,144,483,357
525:117,50,742,222,1,100,204,174,7,172
171:272,316,286,340,333,307,288,100,346,300
678:181,100,174,98,237,172,117,204,79,69
79:50,98,9,181,237,127,318,56,475,174
404:315,333,174,742,50,302,181,204,288,237
8:96,98,204,79,173,202,64,168,69,12
771:174,204,98,210,79,195,318,22,423,64
330:69,195,79,183,50,96,176,56,181,173
549:181,98,174,1,172,117,222,7,121,79
39:272,300,286,315,50,328,316,100,181,237
703:1,174,172,98,204,117,121,7,96,258
901:79,98,176,183,202,173,64,56,318,385
70:174,204,98,195,22,176,183,173,64,318
290:204,69,195,79,64,96,173,89,168,56
51:174,172,204,98,195,96,168,22,79,181
100:313,333,286,307,310,346,288,271,301,340
237:180,480,174,483,134,318,496,183,204,185
916:204,79,195,50,183,96,176,168,191,28
301:22,183,173,423,89,191,132,385,234,185
885:172,69,96,22,98,202,64,176,168,196
257:98,318,127,174,172,64,204,170,124,191
714:121,237,222,742,174,172,1,96,204,195
339:174,172,50,204,195,69,318,89,96,185
143:315,258,300,332,302,316,294,310,751,270
540:174,98,1,127,172,237,56,204,318,117
227:275,9,181,98,1,237,174,56,12,238
454:172,98,69,56,181,173,176,183,196,202
778:172,96,210,176,79,69,98,173,183,56
283:174,172,98,69,195,79,96,191,176,318
315:174,172,64,195,183,173,69,96,89,182
462:258,333,174,318,237,204,69,98,64,181
934:98,210,176,183,79,50,22,173,64,318
24:174,172,64,204,195,183,96,50,22,357
113:181,100,237,1,7,174,172,98,313,742
228:98,318,174,204,79,64,191,197,12,172
374:98,172,195,96,210,22,202,318,423,56
875:174,79,89,96,204,69,483,168,210,318
491:7,56,98,127,23,318,64,182,174,50
506:98,96,22,173,64,202,318,181,483,144
58:183,96,204,89,79,173,181,318,22,210
366:218,183,234,98,176,47,195,403,79,182
636:237,181,1,7,50,98,174,117,204,127
211:98,69,174,172,79,64,28,318,204,191
829:50,98,174,181,127,7,172,191,64,204
859:237,100,508,276,181,7,150,742,93,1
308:98,176,79,50,22,69,173,12,181,496
18:172,69,64,204,483,195,191,173,183,210
653:172,98,195,173,168,183,176,423,12,202
798:172,69,195,98,181,79,96,22,318,64
65:174,172,204,69,79,191,183,28,216,483
861:509,14,792,197,190,582,479,707,191,134
554:195,210,64,96,176,173,183,168,191,196
929:174,64,79,183,69,176,96,204,210,191
369:50,174,176,173,89,98,168,96,204,195
788:174,172,56,195,204,22,191,96,234,496
482:181,300,258,1,237,117,121,172,222,174
453:195,204,56,96,64,79,176,50,173,183
288:98,172,69,204,183,64,191,79,496,195
205:313,272,315,302,328,258,307,301,286,269
97:176,96,210,64,22,56,181,173,318,196
494:172,50,318,79,69,183,173,195,56,168
811:313,328,272,333,300,302,288,326,310,748
791:258,313,100,286,174,172,98,127,1,237
434:742,237,117,15,405,204,181,282,71,222
692:174,69,210,172,50,98,181,64,168,318
785:172,98,96,204,176,210,64,173,181,12
566:174,172,183,204,195,318,79,176,96,22
700:172,98,204,79,64,22,69,210,195,96
187:174,204,172,98,318,69,79,195,196,194
45:237,174,172,117,204,98,222,7,69,96
733:285,475,9,7,137,127,12,129,50,248
134:300,328,181,237,50,117,333,742,222,121
418:313,302,258,272,271,286,268,328,315,300
503:204,195,96,22,64,56,173,89,28,202
808:272,258,307,315,288,328,316,286,269,271
245:174,172,1,121,117,237,204,257,210,96
62:195,204,79,176,64,202,423,357,28,196
426:479,98,174,180,496,318,211,64,172,498
850:195,98,64,423,176,56,183,191,196,216
122:69,174,98,64,172,318,204,196,183,79
259:174,98,183,195,50,204,56,64,96,89
824:246,340,270,475,288,271,272,333,332,307
269:174,172,180,12,69,183,357,480,204,496
740:313,258,286,269,328,272,333,268,301,50
275:174,172,195,204,183,79,173,96,69,64
621:174,204,98,195,210,69,176,22,64,56
202:174,176,172,183,79,144,98,168,89,204
721:98,79,210,423,191,195,96,173,202,56
571:172,98,483,479,50,318,132,204,191,12
344:172,195,69,96,318,56,181,22,168,423
640:172,98,79,56,69,176,183,144,89,191
1:204,69,56,173,181,168,318,12,423,483
756:174,172,195,204,79,98,173,22,202,385
912:174,98,204,172,69,191,196,79,185,480
388:117,50,181,174,204,100,98,7,282,222
510:328,333,300,258,332,307,322,331,294,748
191:272,302,269,347,307,346,750,258,333,268
328:174,195,204,64,50,210,173,28,191,168
923:172,1,204,98,117,7,56,195,127,79
847:195,176,210,79,69,22,168,64,89,56
589:333,315,258,307,748,326,316,302,322,323
735:100,98,174,172,7,56,318,12,64,204
352:204,210,64,22,89,173,69,168,318,202
509:174,181,172,98,12,56,127,100,479,195
387:195,204,176,69,181,183,64,96,318,12
262:174,172,204,12,195,79,183,173,176,423
837:237,50,1,100,318,9,204,181,15,22
933:98,172,176,79,204,96,168,191,210,173
580:742,174,117,1,172,222,237,204,7,96
884:191,98,197,318,483,238,124,12,170,134
32:100,172,174,98,1,56,96,127,258,475
397:98,195,64,204,79,69,176,50,89,180
892:195,204,50,176,210,28,173,197,185,427
428:258,328,333,286,347,100,346,748,271,237
161:174,318,172,204,64,79,28,183,56,357
196:204,191,208,69,202,174,318,4,173,132
519:302,307,271,272,333,331,316,315,328,258
323:174,195,204,56,79,183,12,69,176,318
497:204,98,183,69,64,89,318,28,423,385
416:172,79,183,64,483,89,144,216,180,95
732:313,328,302,307,310,258,748,272,333,322
905:475,12,9,56,276,127,50,237,98,174
662:9,124,276,475,127,137,14,237,7,50
476:174,204,172,195,173,69,186,176,98,96
521:174,172,98,50,210,183,64,69,144,89
674:237,174,204,172,100,98,222,257,96,79
911:98,195,183,210,69,483,79,96,64,196
88:315,313,302,312,272,307,310,750,328,292
390:50,237,127,98,174,318,7,172,204,64
176:181,1,475,98,56,237,172,174,127,96
168:237,50,222,204,174,172,7,96,98,79
593:195,210,96,22,64,176,79,56,191,28
613:98,174,172,183,318,204,483,168,479,56
223:174,204,172,423,98,64,50,79,196,181
776:172,56,64,183,195,176,204,173,12,180
536:96,64,176,183,173,56,202,168,196,89
104:50,237,127,7,174,12,204,98,1,258
233:98,172,28,79,64,195,22,183,210,176
471:204,588,28,174,71,423,202,496,143,79
297:172,195,204,79,96,69,64,318,168,22
766:174,98,172,204,64,483,176,197,56,423
305:174,98,89,195,64,56,204,69,79,191
686:195,69,210,96,176,22,183,168,191,483
697:100,174,172,98,117,204,96,64,56,742
710:98,172,195,183,69,176,22,96,173,191
7:172,176,210,89,168,181,202,357,134,474
335:313,328,307,333,258,302,272,270,748,316
362:328,272,315,288,316,307,286,271,50,269
774:174,172,195,89,191,204,79,64,56,210
928:174,64,318,50,12,56,204,483,79,69
287:174,172,12,79,181,204,50,195,69,318
20:204,172,195,69,79,96,385,202,50,28
27:50,181,1,127,98,237,7,742,117,174
77:174,172,12,96,191,64,79,483,180,210
719:174,204,496,172,28,423,196,191,132,12
865:12,56,50,174,172,173,176,238,175,1
224:204,423,64,174,172,98,22,216,143,79
146:316,286,340,333,307,347,300,100,328,288
54:181,174,7,98,172,204,56,222,79,12
871:174,98,204,176,181,183,69,64,12,168
818:272,315,333,300,307,269,340,286,268,100
312:174,79,210,64,318,56,423,173,22,202
248:174,98,195,204,56,79,12,183,173,210
467:7,50,181,127,12,508,56,98,11,237
761:181,1,100,742,174,121,98,172,204,195
69:174,79,64,204,195,318,96,176,173,100
638:195,176,98,79,173,22,69,56,64,202
154:98,183,195,56,64,474,483,180,318,168
252:100,127,237,50,98,285,56,1,508,318
878:174,204,69,64,483,318,191,173,79,357
447:172,195,176,79,64,210,318,173,89,168
550:121,742,50,117,237,258,1,204,96,172
365:100,237,50,181,475,318,7,313,9,25
457:50,69,89,496,357,82,23,265,187,97
775:313,315,302,347,328,346,316,340,333,271
209:100,181,7,172,174,127,275,98,124,9
126:272,333,347,307,269,286,310,100,294,50
349:508,742,100,237,117,7,9,121,1,204
66:117,282,121,100,50,7,405,1,181,125
862:174,204,56,89,318,28,423,191,496,144
114:174,89,56,191,64,12,168,180,185,96
430:174,172,181,79,204,183,69,191,195,176
696:100,191,98,12,318,479,64,174,127,194
781:174,98,79,96,56,183,168,176,69,191
371:172,195,318,96,56,28,173,168,196,191
279:172,204,96,98,176,56,183,79,22,181
625:98,204,79,183,210,173,168,56,89,22
92:195,98,79,22,173,12,318,202,28,423
498:174,56,176,172,483,134,195,479,185,135
138:174,64,172,79,183,180,23,474,191,134
241:272,302,258,315,328,333,316,288,269,100
214:172,183,204,79,176,22,96,69,168,357
41:174,172,204,64,168,79,12,183,176,89
632:210,79,176,50,56,28,12,196,89,496
561:172,195,64,79,318,191,474,204,96,50
769:121,237,181,117,405,50,742,257,125,15
440:170,509,479,190,275,14,83,707,582,134
182:204,174,50,28,98,96,22,318,195,64
559:98,172,204,195,79,64,22,56,357,96
487:174,172,79,318,202,50,168,89,181,234
802:174,98,176,185,12,56,195,89,172,50
853:313,258,328,307,271,332,326,748,294,272
423:7,12,50,127,98,64,286,117,475,181
647:204,172,98,69,195,210,64,318,176,28
796:98,210,79,50,28,483,196,234,82,216
575:174,98,172,195,204,64,56,183,69,12
12:98,210,79,176,22,64,423,173,202,181
340:172,174,69,28,79,98,210,202,318,64
644:181,742,1,174,222,7,204,172,118,98
691:174,172,318,183,12,204,195,483,173,176
488:174,172,204,195,79,96,12,202,423,196
937:100,137,127,276,7,98,475,1,318,191
514:174,204,183,56,64,181,423,168,202,144
270:174,172,204,195,96,12,69,210,64,89
814:183,56,185,12,79,64,174,176,195,234
927:174,172,69,79,22,202,423,98,173,181
843:183,172,98,96,56,168,50,173,204,79
131:275,9,137,475,50,237,318,12,7,98
246:174,204,56,79,64,195,210,183,176,96
99:174,98,195,96,181,318,176,12,28,183
896:204,56,69,181,12,202,423,196,483,28
36:313,300,328,272,258,332,326,315,302,751
568:98,134,197,480,191,174,603,496,180,185
869:100,50,1,181,98,174,64,79,12,475
266:127,318,98,124,276,50,237,302,475,7
449:197,98,191,14,238,483,318,64,12,23
743:50,286,124,258,313,7,269,181,127,12
412:98,204,69,210,79,64,168,96,89,22
736:100,50,298,475,98,181,7,276,508,273
770:181,50,237,1,121,117,98,174,56,172
888:98,318,204,174,197,216,238,64,483,172
357:121,742,181,50,7,15,100,204,174,172
83:174,69,172,98,210,318,202,50,96,195
724:313,307,300,272,288,315,302,271,316,748
347:174,98,22,176,64,183,173,168,318,202
670:172,204,176,89,183,134,132,98,496,197
930:204,237,100,174,98,50,181,172,318,1
832:333,272,328,258,315,300,302,332,331,288
745:174,56,318,172,50,195,191,79,204,183
192:181,98,174,56,172,1,12,64,318,237
327:172,98,183,96,69,50,64,210,56,79
844:204,98,195,79,96,173,64,56,176,28
31:654,23,479,474,180,134,197,480,211,483
394:174,98,183,22,50,64,28,423,318,191
909:462,165,213,285,509,137,197,283,70,124
539:98,191,318,496,174,204,172,64,216,211
382:98,180,174,64,483,134,318,191,479,12
597:117,1,121,222,237,204,172,258,174,173
64:174,204,56,210,89,173,12,202,483,357
587:272,302,328,307,315,748,294,326,340,751
881:98,172,204,96,69,56,210,89,318,12
607:134,197,191,479,98,480,199,174,23,132
475:181,98,172,174,272,302,318,313,191,64
172:203,654,238,191,663,528,479,180,504,183
677:121,181,100,1,222,50,258,11,56,174
75:174,7,98,181,50,172,204,237,79,12
405:174,172,204,69,64,195,183,96,176,50
78:742,100,121,181,1,222,204,50,117,7
164:50,237,121,1,118,174,7,282,100,204
331:12,98,174,318,56,64,191,183,238,474
617:98,176,180,174,474,23,12,479,56,191
422:174,172,56,1,318,64,12,79,7,183
3:315,327,750,307,272,316,313,302,271,879
702:229,228,195,385,181,172,174,50,95,22
38:204,174,172,79,196,98,318,588,202,195
532:174,172,69,56,64,50,176,210,173,423
900:479,174,134,191,98,23,64,197,12,180
667:174,64,69,191,197,172,204,56,423,79
293:98,204,195,79,318,96,89,69,210,181
765:285,100,9,124,462,197,318,276,509,483
682:174,204,183,56,50,69,64,173,89,28
103:195,174,172,204,79,1,22,69,181,50
668:174,172,181,100,204,313,98,258,79,56
50:93,246,410,150,13,7,129,276,293,919
236:174,204,172,79,132,183,496,196,357,12
594:98,318,127,64,191,50,174,197,9,69
73:98,174,172,176,191,483,134,195,182,79
602:50,174,742,100,172,222,204,98,96,79
158:96,98,79,183,181,69,89,64,12,318
256:174,172,176,204,183,56,22,64,69,173
715:174,172,56,183,210,69,173,22,318,423
336:174,172,98,195,173,69,79,181,96,64
543:172,176,204,22,318,210,180,173,168,483
220:302,313,269,258,333,100,272,307,300,315
142:174,172,98,168,195,204,56,12,173,183
709:204,79,64,50,89,12,173,202,168,423
280:174,98,172,204,195,64,28,176,191,183
779:172,174,204,237,121,96,98,22,69,173
316:318,174,496,357,134,479,172,56,204,69
265:121,117,181,50,222,7,204,282,174,15
463:50,181,98,1,174,9,12,318,64,172
219:191,483,153,479,238,12,69,174,64,423
300:328,333,748,294,307,258,597,293,313,1277
57:174,172,98,69,96,210,22,56,195,1
375:195,174,79,96,98,204,89,12,69,185
874:100,197,23,134,12,98,318,9,187,483
759:237,174,172,204,257,7,100,98,96,195
361:174,172,195,64,56,69,96,173,89,191
914:732,88,660,196,155,699,216,739,747,69
210:172,183,173,22,64,318,191,423,89,12
858:100,50,98,302,276,318,275,12,483,258
943:204,96,56,176,318,168,183,423,89,202
251:174,98,204,50,195,69,176,318,181,96
151:98,79,195,22,96,56,176,183,423,191
799:98,174,172,181,318,100,12,56,483,64
866:272,316,302,750,286,269,303,340,313,262
110:174,204,172,98,195,210,318,265,202,176
145:172,183,204,210,69,318,168,144,191,483
618:172,204,195,183,96,318,210,173,89,202
368:174,98,172,195,79,96,12,204,168,7
483:172,174,204,195,98,176,22,210,79,222
452:204,210,195,318,56,96,183,176,28,12
493:174,172,195,183,64,50,12,28,202,423
468:79,69,210,176,181,183,22,168,89,202
96:172,204,12,210,22,69,173,191,168,144
548:174,176,172,64,79,195,89,96,204,127
437:174,64,69,79,191,183,56,176,210,474
695:313,333,271,327,258,331,346,272,269,301
565:170,213,529,509,197,479,792,511,709,134
649:172,117,174,121,222,204,237,96,100,742
16:176,204,210,50,89,173,28,191,181,483
784:316,328,333,750,300,310,286,326,347,340
444:181,98,258,127,237,174,318,302,286,1
186:174,195,204,96,210,22,172,176,69,183
555:174,172,98,96,204,56,12,176,1,173
135:174,79,195,89,172,64,96,204,69,168
242:286,100,1,258,50,9,83,318,15,285
502:300,258,271,742,294,307,326,272,332,751
806:172,195,183,204,79,64,173,69,181,210
46:50,98,258,174,1,302,12,56,172,204
121:174,50,64,56,79,204,69,483,191,127
427:313,333,307,258,272,879,326,315,269,288
63:275,7,127,181,124,475,1,237,9,98
258:328,258,302,272,307,315,333,288,237,326
810:307,258,300,302,272,332,315,322,748,271
747:96,22,89,173,28,191,196,197,144,216
484:22,64,168,28,12,191,144,216,196,228
459:204,79,195,210,56,96,100,64,173,176
274:174,172,204,181,64,79,56,28,191,12
203:7,1,172,174,100,237,204,121,96,173
318:174,172,98,69,318,483,191,79,195,28
572:100,275,285,14,276,237,127,302,318,7
720:313,269,340,303,750,347,307,100,328,300
343:98,172,204,195,318,183,22,96,173,89
87:98,195,176,96,69,181,318,173,168,423
623:174,172,98,195,69,318,64,173,96,22
641:479,180,483,474,480,199,98,174,191,185
757:79,181,69,168,202,12,318,385,423,28
181:237,117,1,125,181,204,257,15,118,98
840:172,195,176,318,69,210,168,96,173,12
634:1,181,204,98,127,174,7,282,118,222
922:172,204,176,195,181,79,183,22,69,210
505:204,172,69,79,195,28,210,318,183,202
44:98,176,210,79,28,56,89,12,483,216
588:174,172,69,98,79,423,196,64,50,22
353:272,302,328,316,307,258,300,310,269,340
918:496,197,479,191,705,483,498,478,204,133
856:313,328,302,333,316,310,237,288,50,748
848:98,195,69,183,79,168,96,22,64,483
386:742,121,597,181,125,118,237,385,257,96
529:313,300,302,272,748,315,879,742,340,323
263:172,50,176,96,210,28,56,191,173,12
925:200,11,185,79,56,183,219,174,7,176
408:313,316,258,300,333,307,328,269,271,286
836:98,172,64,183,195,176,79,483,191,168
511:307,313,288,328,268,332,326,258,331,270
80:318,197,69,98,191,12,79,196,204,132
398:174,98,195,204,318,210,64,22,202,168
891:117,1,181,15,204,50,125,98,174,64
35:323,328,332,258,294,307,322,310,331,313
750:302,313,307,258,333,272,315,300,340,268
401:98,172,69,64,132,195,496,79,173,22
160:98,172,176,12,96,204,64,89,183,50
197:195,98,79,204,210,96,69,202,173,64
322:98,174,64,56,191,172,187,197,183,180
415:98,172,89,176,191,64,168,318,183,496
583:98,174,56,168,172,64,176,173,318,89
804:172,96,79,69,318,56,64,168,202,423
354:174,98,180,204,483,496,134,474,318,211
827:313,258,333,315,300,302,288,286,316,307
464:174,172,98,181,483,199,480,183,100,195
663:172,195,50,79,64,12,204,22,191,210
805:174,195,56,89,204,64,69,210,318,181
479:98,96,50,79,69,64,56,89,191,12
673:302,272,258,333,300,316,100,98,307,50
520:302,275,313,9,272,285,127,237,98,276
831:172,98,195,79,318,210,173,176,69,168
89:174,98,172,204,79,56,64,210,96,318
915:272,316,269,258,346,100,340,310,333,300
391:172,98,204,56,79,483,191,195,210,197
28:98,172,183,96,204,22,173,181,64,210
167:174,191,98,172,69,64,496,173,79,479
590:9,50,237,508,7,98,12,318,238,56
705:172,204,69,195,22,79,181,98,173,423
107:313,286,315,272,347,316,100,268,301,270
664:195,204,183,50,96,69,22,191,181,357
537:98,174,64,172,12,132,89,183,204,195
232:174,79,69,195,318,168,183,210,176,12
470:237,181,7,1,98,127,56,117,174,204
527:172,98,195,318,64,79,96,69,50,183
177:98,96,204,79,50,64,69,318,202,181
304:742,117,258,1,181,50,121,282,100,300
608:174,172,191,12,22,423,195,496,96,185
687:302,258,272,333,286,307,328,315,100,294
711:174,69,204,183,195,423,176,210,56,173
332:176,183,69,168,318,202,28,100,191,423
547:272,307,286,300,288,269,347,301,310,268
612:50,237,181,98,174,204,318,172,69,127
76:174,195,56,183,12,318,79,176,191,210
178:174,98,204,79,183,423,191,385,496,132
681:313,302,312,315,310,272,242,269,307,300
284:313,272,316,333,750,100,327,301,300,288
910:172,79,195,64,181,176,204,318,96,69
21:174,12,50,183,64,79,176,185,172,7
296:174,195,204,176,64,183,318,69,173,12
141:121,742,1,174,100,172,204,7,15,257
789:7,174,98,56,12,172,9,1,237,204
225:174,496,134,132,483,197,427,204,199,69
870:204,79,22,50,176,183,173,483,89,191
239:172,195,176,79,64,204,173,483,318,191
53:172,204,98,195,79,210,56,1,173,22
764:172,204,195,79,183,50,96,12,210,28
639:197,191,172,318,479,64,199,134,180,132
299:174,172,183,195,64,69,56,79,173,168
249:172,204,96,176,183,210,173,181,191,28
760:204,202,174,69,172,588,22,143,96,385
303:172,79,64,89,28,191,496,196,197,134
5:98,195,176,210,168,79,69,96,64,22
255:12,174,195,79,11,176,96,7,183,172
601:98,204,195,69,176,56,79,210,173,89
738:79,210,22,168,318,12,423,191,357,216
551:172,22,183,173,50,12,89,423,191,181
772:300,333,316,748,288,310,751,286,750,301
364:302,100,313,333,9,340,98,258,276,275
26:174,172,98,237,1,258,7,79,64,204
313:96,22,56,318,173,28,168,12,196,185
348:125,181,282,405,204,222,50,597,174,7
433:174,98,100,172,483,479,127,318,168,64
863:258,269,347,340,100,346,748,326,742,181
67:742,1,237,222,96,181,195,597,174,204
115:98,195,183,96,204,22,181,89,210,173
376:174,318,64,56,172,12,483,191,50,180
436:174,195,172,79,22,64,56,176,69,210
109:98,64,173,89,168,28,196,216,568,127
207:172,204,22,423,195,12,180,132,183,50
42:174,176,79,22,423,56,168,89,191,483
139:276,50,508,56,98,7,181,286,302,258
91:172,204,96,56,89,173,12,191,202,168
217:174,195,172,204,210,98,12,183,69,144
125:204,98,96,210,79,183,69,64,181,56
152:174,28,318,172,196,98,64,496,79,195
819:302,313,272,269,100,293,9,316,258,276
185:98,191,174,204,197,69,64,172,318,479
441:237,181,742,50,174,100,98,222,96,172
556:174,98,483,318,191,480,185,197,357,180
480:174,98,176,172,195,56,64,204,318,69
599:742,121,117,125,118,15,405,181,222,204
626:315,100,269,288,50,333,300,12,127,316
278:50,100,302,174,79,12,483,318,172,313
420:479,483,98,12,9,197,238,191,134,23
852:181,174,172,204,195,98,100,173,96,79
576:174,181,172,98,69,64,195,318,96,79
813:313,328,272,258,748,333,301,302,288,315
797:181,172,174,100,98,1,210,204,64,79
868:172,195,79,56,204,96,168,318,191,22
645:204,210,183,56,79,64,176,96,12,181
690:172,204,64,318,56,183,176,191,195,50
787:272,300,328,315,332,316,302,333,258,301
11:174,98,172,69,204,64,195,183,483,12
98:174,204,211,172,168,208,191,173,132,318
47:302,286,315,313,272,269,333,347,242,316
277:100,117,121,50,7,181,98,174,12,204
515:272,333,302,300,328,316,181,294,751,326
132:483,64,98,23,191,238,187,474,134,479
926:313,272,316,286,269,50,12,333,300,288
501:50,1,174,98,56,172,204,742,12,79
247:174,172,204,98,1,69,318,22,79,173
803:302,286,272,268,301,316,313,315,303,327
25:172,98,195,79,210,96,168,89,56,191
754:742,237,125,121,405,222,147,471,15,298
699:56,12,50,127,7,181,174,238,318,172
499:174,172,64,204,423,12,79,496,50,28
267:96,79,173,318,28,191,423,144,385,196
630:174,204,172,79,176,181,50,56,210,22
742:181,98,7,174,9,276,64,56,172,204
508:98,204,195,69,89,79,173,22,64,96
350:183,96,79,56,64,22,69,318,202,12
889:79,69,176,22,50,183,12,181,202,89
429:98,176,168,64,183,28,12,191,144,423
727:195,204,183,210,56,64,50,318,168,28
895:50,237,204,174,172,98,121,117,318,7
84:174,50,204,172,181,69,12,56,1,22
642:195,98,79,318,423,202,176,196,183,12
835:172,204,64,79,195,22,56,132,89,173
780:174,69,98,64,195,96,196,183,173,132
931:50,313,237,275,174,98,258,1,204,172
512:174,98,12,172,69,64,79,22,204,195
939:121,117,125,100,1,181,282,204,50,222
193:172,98,204,50,64,195,56,176,69,183
326:172,204,195,69,210,176,56,96,183,191
411:204,98,69,195,173,96,64,176,183,423
845:302,272,315,100,300,316,258,750,347,333
395:174,50,204,69,79,22,28,183,195,176
30:50,204,69,22,98,195,210,96,79,173
908:174,98,172,79,204,64,176,12,69,191
381:174,172,98,183,197,204,195,318,173,496
800:172,174,100,98,204,117,210,79,69,96
753:172,98,318,204,191,69,195,210,132,496
6:174,98,172,204,183,197,79,69,89,176
260:307,271,328,326,332,300,331,678,323,751
706:121,742,174,172,222,204,100,7,15,96
758:174,50,56,64,22,89,318,423,496,197
586:98,176,204,50,22,210,69,64,173,89
882:174,204,96,210,69,22,64,12,318,196
474:176,168,173,202,180,357,144,132,100,82
523:174,172,69,173,98,195,28,79,96,496
173:313,307,333,272,315,288,748,294,100,301
676:98,204,195,96,56,79,210,22,69,176
406:172,79,69,22,173,12,168,191,479,202
163:174,69,172,12,79,204,22,50,183,173
504:172,204,79,64,22,176,183,191,56,423
198:174,172,195,204,79,69,12,176,183,180
321:174,98,172,134,318,191,474,64,204,185
456:174,98,318,134,183,64,204,79,191,195
616:315,272,300,333,328,307,100,271,751,340
701:181,98,302,174,172,9,318,258,64,1
229:315,313,347,272,316,303,305,100,346,285
903:174,172,176,204,12,195,69,96,22,173
660:174,172,204,168,183,69,64,176,79,89
533:98,210,79,96,423,176,183,173,168,56
654:96,98,181,176,64,202,318,183,191,12
292:172,98,204,50,22,56,89,69,210,12
683:318,174,483,172,64,12,98,313,100,180
821:98,172,204,69,50,195,423,191,210,496
235:172,98,204,183,56,64,89,69,79,168
669:174,172,98,483,204,318,180,69,134,183
174:174,98,204,172,79,64,318,22,195,181
380:172,64,204,69,56,176,195,173,191,210
72:172,195,56,22,183,176,50,173,483,216
716:172,64,50,210,195,183,96,191,176,483
118:183,195,89,204,64,96,12,69,50,483
337:172,174,181,195,204,176,1,79,385,22
611:313,302,316,258,328,268,310,750,303,100
542:174,98,204,79,22,168,56,210,183,176
221:174,98,195,22,64,168,176,12,28,183
708:742,121,181,50,222,125,7,282,100,204
534:181,100,50,125,204,222,405,174,98,56
102:172,176,96,89,79,210,69,168,173,22
317:313,271,333,307,258,331,742,332,682,326
460:124,50,475,9,98,12,275,269,7,237
22:172,98,204,210,183,56,22,202,64,69
295:204,195,69,176,96,56,64,183,423,168
218:98,174,56,185,89,195,238,474,180,483
307:98,204,195,176,183,79,69,173,191,210
688:331,313,328,333,300,323,258,322,310,682
651:100,275,9,127,124,14,137,313,50,475
159:121,237,742,204,181,1,222,385,282,174
877:174,172,183,204,195,69,64,96,12,196
56:96,22,168,64,318,423,12,196,144,185
360:174,98,204,69,318,195,173,168,22,96
281:328,313,307,258,333,294,245,272,326,302
129:302,313,315,100,316,275,285,9,276,268
156:479,191,64,98,134,23,182,174,199,483
942:204,98,69,79,64,132,22,483,28,197
250:174,172,204,176,64,195,318,79,96,168
867:204,176,69,183,64,173,479,423,144,202
111:272,258,316,100,300,307,310,340,294,288
144:79,204,210,89,168,181,28,202,483,180
451:313,322,271,302,272,310,742,315,751,245
95:174,176,56,423,318,89,12,483,357,82
4:313,302,195,56,98,22,174,12,50,7
310:172,174,1,173,100,204,210,96,195,222
793:174,172,237,1,7,98,121,96,204,222
492:180,98,191,174,483,12,357,197,23,69
469:132,191,98,174,479,134,496,199,185,172
213:96,183,210,22,69,168,89,191,423,496
694:195,79,64,96,22,423,173,56,483,168
783:313,302,272,331,328,288,315,316,300,326
564:50,174,237,222,742,1,172,258,100,96
373:98,195,168,176,56,28,183,423,202,216
189:98,183,195,204,483,69,64,79,56,173
445:172,98,204,195,168,69,12,64,318,96
552:181,100,1,174,98,172,117,7,79,204
605:174,318,172,183,204,56,197,79,195,423
243:204,69,191,197,132,174,423,318,64,172
807:98,195,22,181,96,64,202,176,183,191
424:98,237,318,50,181,174,64,1,286,204
938:174,172,100,1,237,98,117,204,96,210
614:237,7,742,117,50,181,98,204,174,127
120:237,181,117,100,174,98,204,15,172,7
728:237,1,7,282,121,9,181,204,276,50
817:181,7,121,742,237,50,100,195,405,96
15:100,237,181,275,127,1,204,258,174,318
116:174,98,483,89,183,176,64,172,197,318
60:174,56,22,202,318,423,196,191,483,480
746:195,210,98,79,69,50,173,168,423,28
485:272,315,286,316,100,258,340,12,288,333
458:174,98,172,176,69,50,22,89,168,173
200:172,195,69,79,96,64,181,168,12,185
650:172,195,210,79,56,64,69,318,191,483
136:174,100,98,12,50,172,64,7,181,69
319:272,333,328,331,300,315,286,258,310,316
633:174,172,204,176,69,22,210,64,202,181
579:174,172,204,176,69,79,64,191,195,168
899:210,69,96,183,176,181,22,56,173,191
342:174,98,318,172,64,195,168,479,180,173
439:100,475,237,9,275,50,181,508,124,117
713:315,313,316,750,286,346,340,258,300,100
619:172,204,210,98,69,56,173,89,202,64
563:204,172,174,385,568,96,22,195,69,79
935:50,1,100,405,204,222,174,172,257,98
378:195,69,50,183,56,168,202,216,496,483
823:210,69,22,318,12,202,28,483,357,496
180:174,204,172,79,64,28,22,195,176,96
921:204,195,98,50,22,176,28,183,318,423
841:328,307,316,288,326,294,269,100,50,332
48:174,204,176,318,69,64,79,168,89,479
657:100,237,7,1,50,181,12,276,56,98
855:529,170,207,213,511,509,59,479,30,478
919:172,69,50,79,195,56,210,96,191,12
723:172,195,50,173,204,56,210,181,176,98
794:100,172,98,174,56,12,64,204,318,7
573:172,98,195,180,483,64,23,197,318,191
264:174,172,195,176,79,64,89,69,12,96
528:172,204,98,195,79,176,64,318,183,496
839:100,181,7,174,237,98,9,172,276,204
148:98,204,195,183,176,173,56,318,191,64
409:96,64,56,176,173,69,183,22,202,197
516:174,172,98,483,173,318,64,204,100,197
272:174,195,176,64,318,173,168,181,89,191
629:79,96,176,318,183,181,168,28,12,191
