81:50,100,181,117,237,127,257,222,258,15
399:50,421,181,173,258,172,588,298,294,151
890:183,180,56,199,511,197,64,191,79,175
385:175,192,171,23,59,641,209,61,488,647
751:173,83,313,22,258,191,732,318,451,423
34:302,313,315,269,307,340,272,347,301,316
194:98,79,64,180,357,183,100,56,511,50
325:603,479,187,661,483,427,484,657,523,528
414:258,268,286,269,333,307,340,315,271,327
730:258,181,288,237,117,127,222,300,294,276
560:100,50,127,475,98,7,56,124,286,269
886:475,168,7,151,12,150,92,96,238,172
355:326,344,302,331,332,879,333,329,690,881
606:50,117,405,98,7,742,222,79,210,173
595:100,410,129,150,298,248,276,288,117,1012
478:56,98,475,508,7,127,9,50,117,655
489:328,333,310,344,292,690,329,895,881,245
672:237,286,300,117,15,111,258,126,294,313
402:1,275,258,276,117,300,318,98,121,174
830:79,204,96,318,28,195,199,64,132,216
739:300,313,328,310,307,272,326,333,315,302
392:286,100,258,315,242,305,124,357,262,515
907:742,9,126,405,300,255,276,222,866,181
648:50,222,208,227,566,68,229,233,175,95
29:313,315,272,258,340,316,690,50,347,301
166:326,307,748,333,879,310,332,315,245,272
591:275,514,14,137,318,50,462,124,170,197
585:285,137,512,971,694,224,462,753,116,488
530:15,1,318,286,9,300,127,181,313,258
106:283,70,286,88,100,191,237,15,86,427
231:237,15,117,1,282,125,181,118,222,294
665:237,151,121,7,100,288,508,111,294,25
473:100,286,508,276,93,269,242,7,116,50
170:300,328,313,307,748,310,258,879,315,332
679:258,174,313,1,98,173,127,22,96,100
526:286,258,237,1,275,300,257,9,294,117
684:50,121,174,210,125,222,95,405,69,257
598:315,328,302,272,690,258,310,307,269,316
609:286,300,258,313,302,275,294,237,269,328
712:720,88,73,393,1035,140,225,365,419,380
372:288,307,271,895,334,185,343,379,260,11
333:50,181,174,127,258,313,318,172,22,286
615:318,514,134,98,170,100,483,480,479,285
546:678,323,895,260,358,333,307,665,325,343
704:511,479,199,483,705,357,427,482,474,510
179:328,307,347,286,326,690,269,332,301,751
285:50,258,286,302,127,181,272,333,515,315
71:50,100,127,483,172,181,318,286,12,174
291:559,928,11,217,68,241,436,42,121,235
880:763,268,182,55,24,56,7,117,550,327
226:100,50,127,181,1,475,276,313,237,269
140:269,313,315,258,272,300,242,316,301,347
652:300,313,258,286,294,50,748,288,315,307
873:258,315,286,333,302,307,272,310,288,748
101:1,100,15,222,258,300,282,294,7,118
238:258,237,313,328,50,294,288,100,117,748
52:286,9,50,283,1,276,14,127,508,124
763:174,56,216,191,70,318,211,86,168,514
298:181,69,204,100,64,427,22,183,318,520
872:294,322,748,1028,678,597,125,323,332,282
302:313,300,302,258,286,272,328,333,315,269
254:174,161,265,385,71,496,79,88,215,95
748:100,127,172,98,1,168,64,210,12,357
338:357,199,269,191,528,127,515,275,50,478
541:71,732,1,88,496,423,451,15,294,385
367:288,271,200,260,895,195,226,176,559,436
582:288,258,298,333,276,268,150,273,117,127
455:258,174,318,237,222,9,121,22,117,12
282:302,313,333,307,272,315,328,326,271,331
600:181,228,98,265,385,144,173,234,403,168
314:15,1028,125,975,274,596,280,756,720,225
465:181,174,100,172,483,427,479,357,197,199
860:269,302,315,272,127,258,50,275,316,301
112:313,269,690,292,326,347,301,258,344,311
432:117,100,1,7,257,121,127,298,273,286
698:174,181,483,258,100,98,313,199,318,79
19:100,50,127,286,181,98,7,1,302,56
377:258,50,181,288,302,127,100,98,300,333
659:480,194,510,187,205,132,604,511,234,318
59:185,234,127,603,50,178,475,216,194,48
495:183,22,69,53,5,385,568,143,177,196
637:258,300,286,313,748,294,333,288,302,257
43:50,1,300,283,204,28,83,22,210,125
216:475,11,12,127,273,117,410,151,181,288
309:307,328,300,313,302,333,690,315,292,332
941:50,100,1,288,127,475,222,286,237,276
124:174,183,172,176,89,79,50,210,98,181
153:50,181,98,174,127,100,79,172,1,96
876:50,100,127,98,181,269,483,427,258,1
442:475,42,182,92,168,55,24,238,188,100
184:213,191,134,427,13,15,660,151,83,8
557:302,258,313,286,333,269,288,100,181,272
913:174,172,181,100,357,79,483,1,210,182
90:487,285,582,315,492,191,514,86,513,133
481:174,194,318,483,172,79,127,511,275,98
627:98,174,79,56,96,234,200,185,265,172
204:286,269,313,100,258,272,306,285,268,315
729:328,313,258,326,307,310,315,879,751,316
10:318,357,187,427,523,79,531,514,56,50
790:1,173,121,96,11,125,318,204,257,258
577:568,118,88,402,739,143,161,172,692,22
812:313,333,307,258,879,294,322,271,315,245
435:50,209,184,12,431,42,156,55,475,92
737:50,56,98,475,172,168,89,174,181,209
693:56,318,64,182,100,180,183,200,50,69
567:23,511,180,661,488,656,513,135,187,528
828:242,285,311,306,262,319,268,305,221,900
786:174,50,79,181,69,64,22,427,96,56
276:268,127,168,200,228,483,210,201,1073,17
419:480,511,479,127,483,199,357,269,515,318
133:313,302,286,300,328,316,333,307,690,347
244:56,11,421,475,143,268,255,95,238,83
500:127,248,60,285,50,591,14,25,211,137
358:285,14,170,514,286,488,116,100,462,137
851:288,181,100,195,343,298,748,7,98,183
123:127,50,269,318,191,357,480,427,514,124
421:127,181,195,258,357,515,64,7,483,313
389:479,705,427,318,511,132,170,180,496,191
755:313,315,328,272,307,333,316,347,301,292
268:100,56,98,175,210,258,79,182,64,1
741:318,174,28,79,64,210,96,191,423,483
620:118,125,294,1028,222,117,405,472,748,678
496:154,173,196,12,50,79,421,168,238,210
351:690,315,302,272,316,286,347,301,304,344
570:302,313,258,288,272,286,333,269,307,315
726:118,121,117,237,257,405,300,748,15,597
345:275,237,286,15,1,70,276,151,83,127
894:269,137,283,302,297,19,289,251,224,936
643:98,204,183,181,238,64,182,89,175,475
85:427,98,286,654,196,603,478,209,185,131
932:705,474,604,483,480,429,134,602,482,132
834:300,286,294,302,328,748,257,268,1,301
190:258,286,50,237,100,294,333,328,127,181
513:1,237,405,300,100,15,174,125,7,282
329:258,313,275,285,268,1,475,318,9,7
846:79,174,419,195,651,191,403,175,82,420
410:300,328,302,286,310,258,307,347,326,333
734:174,181,132,427,1,64,191,69,313,216
346:176,183,173,222,550,228,118,98,288,403
622:210,1,186,79,204,257,121,238,91,208
33:326,307,333,748,332,879,302,751,315,272
815:318,69,181,95,194,210,216,168,64,208
261:328,748,307,326,313,332,333,879,258,288
581:285,475,14,124,129,93,547,116,221,408
883:83,175,181,248,165,13,303,168,14,525
396:300,748,405,678,125,288,222,1028,294,15
359:258,288,300,748,257,222,100,313,127,294
893:117,181,121,100,222,7,127,288,174,257
777:100,127,50,286,98,237,269,181,7,318
675:302,303,315,285,311,340,319,690,272,321
522:98,174,183,56,195,89,474,172,187,357
407:181,173,96,79,22,127,204,12,100,175
518:117,15,282,100,111,50,257,9,255,7
162:50,100,7,288,127,475,273,24,410,151
199:100,302,127,124,50,258,275,340,237,242
320:118,181,24,1016,50,597,125,222,147,1028
417:22,11,196,96,172,174,241,33,208,68
9:100,127,98,269,302,258,313,318,9,272
826:228,176,183,96,550,62,265,79,50,89
902:258,181,313,127,174,100,286,1,302,98
661:98,483,173,100,64,28,127,132,496,357
477:125,476,121,283,117,1028,866,126,278,742
773:475,474,114,433,179,514,652,512,56,89
680:100,127,275,181,237,7,124,475,258,283
809:258,269,307,288,333,347,328,268,301,690
825:405,257,300,1,1016,288,15,148,25,1028
175:174,98,318,79,181,69,22,204,132,127
752:313,315,316,272,292,328,326,310,333,286
169:313,286,272,269,302,315,310,515,316,328
206:307,272,328,300,347,286,316,326,690,292
592:475,93,7,56,276,156,531,42,181,182
334:269,357,258,56,340,127,61,89,474,172
545:195,385,210,550,227,226,22,94,403,118
119:15,50,25,274,127,258,294,125,748,1
222:79,96,98,56,195,121,294,117,403,237
610:313,132,50,423,174,69,357,191,79,22
707:14,303,19,213,20,297,896,306,165,319
105:258,340,268,333,315,307,300,347,301,331
762:258,313,100,268,50,269,127,288,272,301
535:462,83,14,191,216,582,211,98,64,509
524:98,185,179,9,510,582,427,127,523,183
234:479,514,493,199,197,529,478,485,134,443
461:286,302,269,340,303,272,242,258,268,100
767:199,50,511,480,427,498,479,705,435,357
294:258,300,748,302,294,286,307,257,1,326
23:50,168,169,210,474,209,98,191,514,462
306:242,100,475,124,137,14,276,302,303,508
689:288,100,1,257,222,237,127,294,405,282
717:286,288,100,294,15,276,748,328,255,508
363:250,24,56,184,209,7,175,12,403,202
655:286,269,340,306,488,303,656,654,170,242
55:100,127,172,1,195,98,258,96,222,7
820:313,258,272,307,315,286,300,271,328,269
286:258,313,421,168,921,181,746,727,86,553
253:174,181,313,172,204,300,28,258,69,423
157:237,15,275,25,257,111,475,258,7,248
718:117,237,125,748,294,181,1,328,50,323
864:181,96,202,403,568,385,89,100,588,161
68:100,1,117,7,300,222,257,121,313,9
147:313,315,306,242,272,316,347,303,311,301
768:300,286,50,15,258,294,181,111,276,328
208:174,204,191,172,483,318,211,69,132,435
94:288,218,747,135,603,176,96,197,217,357
311:133,485,69,97,143,318,443,185,633,495
466:271,313,307,751,269,268,895,343,300,56
658:475,174,181,238,357,64,23,12,124,168
212:50,100,127,98,181,174,1,64,258,357
128:318,95,237,699,83,215,660,69,70,132
370:474,483,174,479,197,180,357,318,191,194
782:326,315,333,302,690,286,879,331,301,347
879:258,300,100,288,313,294,117,286,257,121
446:302,286,313,315,272,300,258,316,347,307
188:237,96,1,181,405,15,117,222,195,9
553:511,199,498,318,357,127,528,657,194,180
450:272,483,732,82,196,98,157,200,162,429
61:315,328,313,316,326,302,690,307,292,344
127:328,181,118,257,597,678,751,121,227,174
425:258,195,176,183,174,333,100,7,12,751
635:313,288,286,258,268,272,340,333,300,315
816:328,333,748,307,879,258,678,332,310,751
431:313,258,315,302,272,333,310,307,326,269
14:100,127,475,1,98,408,483,14,137,238
117:288,100,7,127,250,98,273,294,151,195
486:285,286,100,508,126,283,19,744,244,319
93:15,237,50,100,111,117,25,9,276,181
624:268,276,117,340,111,287,294,269,301,9
201:56,98,200,23,286,185,127,558,238,93
849:181,50,1,79,117,172,98,96,195,222
137:328,117,288,258,118,294,678,333,245,322
240:258,315,300,333,328,690,288,347,310,268
40:302,286,269,313,311,315,272,347,340,316
215:181,79,176,22,96,173,56,318,258,204
438:117,294,258,125,328,111,405,222,742,257
904:15,125,294,283,313,742,1,258,121,476
562:204,50,69,423,96,181,28,172,183,318
379:195,50,210,173,186,197,22,511,199,483
183:174,172,50,98,79,96,181,195,210,204
924:98,127,483,197,286,191,357,174,479,435
558:14,475,242,276,283,9,302,319,93,221
2:258,50,300,127,333,288,268,9,124,301
507:326,307,322,332,323,272,270,304,259,347
744:100,50,98,56,181,318,475,1,7,64
801:258,328,307,272,315,286,269,751,332,690
49:179,23,428,558,408,171,50,173,238,474
854:127,1,286,181,237,276,151,427,23,174
13:523,134,648,8,136,210,195,302,230,176
574:286,315,313,269,347,690,311,292,303,340
722:237,258,50,300,127,288,276,1,313,181
341:326,682,307,333,329,332,271,328,331,323
795:56,50,98,195,172,173,7,100,475,176
898:302,307,258,328,300,333,315,326,269,286
150:100,508,7,50,258,286,276,150,237,302
936:137,508,14,124,242,1137,126,1017,150,1067
838:181,173,318,269,286,483,98,515,151,294
940:286,313,127,100,318,98,181,483,275,79
271:483,100,194,134,423,435,86,143,15,213
517:328,258,288,313,294,332,326,333,237,323
842:302,315,286,690,307,316,347,340,331,344
130:288,447,1012,294,327,96,117,576,218,100
920:307,315,326,347,328,272,331,316,690,288
897:385,195,181,265,117,161,183,82,550,56
37:181,50,121,144,385,176,7,118,222,1
82:98,127,427,483,181,479,511,64,132,204
569:50,275,117,127,181,300,111,121,222,508
384:300,326,315,307,310,316,332,690,288,270
448:887,311,269,347,286,242,346,316,315,306
324:237,313,117,333,328,100,15,257,332,326
413:313,302,127,288,1,333,294,285,7,272
731:318,483,191,427,132,133,496,194,275,174
356:328,302,300,326,690,347,310,332,879,331
887:117,405,1016,411,820,15,742,762,28,222
74:286,300,288,302,50,269,333,127,294,181
725:313,294,288,302,272,269,307,326,50,315
917:15,100,275,111,117,286,276,9,126,1
749:385,121,566,568,28,161,265,222,1,143
671:79,385,288,117,56,183,403,176,550,204
833:475,92,98,176,324,919,127,129,53,17
403:117,121,50,15,282,300,125,257,288,7
195:50,9,286,127,515,318,275,237,124,98
17:100,50,237,286,258,127,276,181,508,9
393:748,258,50,451,210,208,88,111,174,94
538:50,181,318,64,96,1,204,357,427,168
906:237,275,9,50,15,127,475,508,25,1
149:272,315,258,347,242,316,301,327,333,690
383:318,98,127,269,511,170,302,191,23,199
165:50,1,313,98,100,288,172,56,79,7
596:258,333,748,307,326,302,272,315,332,310
628:328,313,307,315,333,332,879,310,272,316
603:258,174,195,300,127,176,96,98,271,79
584:50,181,1,258,174,195,7,127,257,22
604:183,98,200,56,185,195,176,219,79,53
666:134,474,187,521,197,488,479,174,59,195
531:328,315,307,326,292,272,310,333,301,347
230:174,318,181,483,191,88,133,96,15,427
472:172,121,1016,470,71,95,54,219,210,230
525:100,50,117,1,258,222,127,9,7,294
171:286,272,333,347,316,307,288,300,340,301
678:258,181,100,313,286,237,288,294,222,328
79:286,302,242,475,313,319,14,276,508,301
404:315,326,307,333,322,245,316,751,879,301
8:79,96,98,173,234,100,12,64,265,168
771:275,286,257,313,318,100,269,173,222,7
330:88,125,181,79,216,50,143,402,71,69
549:300,181,117,222,1,121,257,294,313,15
39:315,286,307,272,300,328,690,326,316,301
703:117,1,258,121,7,282,405,15,294,298
901:118,380,720,385,125,265,239,1028,280,227
70:174,173,258,98,22,195,176,168,183,204
290:121,204,69,96,195,79,82,117,228,173
51:174,172,98,181,318,168,204,191,483,1
100:313,307,690,286,305,310,326,292,333,331
237:511,483,480,357,654,134,194,174,427,170
916:100,179,209,42,381,47,558,93,182,59
301:385,22,117,183,7,173,228,89,566,188
885:50,181,172,15,121,98,237,69,222,168
257:286,242,269,302,116,303,283,306,124,319
714:288,121,1,237,222,257,100,125,742,15
339:185,174,89,318,480,135,479,192,50,172
143:258,300,302,286,315,310,269,751,690,748
540:288,237,1,117,127,300,313,294,298,121
227:508,9,150,286,237,246,275,221,293,248
454:181,98,294,172,286,127,1,328,69,483
778:98,56,50,183,172,176,96,12,181,79
283:172,174,181,1,96,195,69,7,186,121
315:50,124,7,268,182,64,357,134,89,238
462:258,294,333,286,307,302,748,301,751,304
934:194,208,511,50,659,430,173,183,210,186
24:50,1,181,258,174,64,288,172,22,204
113:288,313,302,300,340,475,307,327,748,326
228:313,258,294,318,300,22,50,315,181,328
374:121,98,100,181,685,9,195,96,22,50
875:23,357,127,100,475,318,483,286,182,191
491:269,302,50,127,275,7,276,137,242,14
506:22,96,228,265,181,98,173,186,82,483
58:475,127,302,285,13,9,286,258,357,23
366:183,195,567,176,175,665,670,92,226,188
636:50,258,117,237,288,181,7,1,300,276
211:50,181,100,174,98,1,318,258,237,79
829:285,14,50,137,127,283,9,269,7,514
859:100,508,9,237,276,246,285,13,126,275
308:98,153,521,176,209,12,69,13,187,216
18:462,707,70,191,483,498,485,511,194,709
653:195,258,98,222,183,172,176,288,234,515
798:732,328,294,385,300,181,451,125,322,280
65:174,69,1,28,427,191,204,132,181,216
861:285,275,14,283,306,137,707,303,19,269
554:1,237,100,127,121,222,258,64,7,427
929:174,183,64,79,357,181,191,168,96,176
369:302,269,258,313,50,286,272,315,100,340
788:234,127,174,313,480,50,22,199,197,526
482:300,258,333,307,288,286,326,322,272,310
453:50,56,181,100,127,96,1,195,268,173
288:127,269,302,313,98,50,480,134,483,258
205:313,302,286,300,258,328,315,272,269,307
97:474,56,176,173,181,135,209,427,210,483
494:50,1,275,9,318,117,276,111,25,7
811:328,313,300,326,302,333,316,332,270,879
791:313,258,286,272,315,333,310,307,326,748
434:15,117,237,282,866,126,405,1028,742,255
692:237,50,117,181,15,121,111,7,127,257
785:181,258,127,98,172,100,313,96,173,210
566:318,174,238,79,216,70,427,50,197,172
700:98,100,1,127,172,64,56,258,79,22
187:318,50,98,483,174,172,283,100,196,286
45:237,117,405,25,222,125,7,410,546,475
733:475,285,508,129,14,137,150,246,93,13
134:300,328,288,333,50,307,181,272,302,286
418:302,313,286,258,307,315,272,340,300,268
503:286,86,191,83,165,515,194,127,64,357
808:258,286,272,307,315,269,328,288,347,316
245:118,294,748,328,121,117,678,257,405,125
62:1,238,408,462,137,196,83,169,154,175
426:493,604,498,654,479,481,523,435,615,180
850:1,98,216,483,194,191,496,427,195,64
122:792,209,318,483,52,47,208,216,134,170
259:50,56,127,98,100,258,174,288,96,7
824:313,288,258,302,286,333,307,272,300,269
269:654,180,192,32,93,170,381,156,357,175
740:313,286,258,272,315,307,328,301,333,269
275:174,172,195,183,96,79,22,127,56,173
621:174,210,195,121,117,257,184,168,258,7
202:50,174,127,98,100,172,89,483,79,183
721:300,313,258,237,294,191,79,423,98,132
571:100,50,127,514,483,98,479,197,511,134
344:275,286,318,1,83,181,269,116,9,462
640:288,181,258,56,50,172,176,98,127,79
1:175,168,153,56,475,433,12,24,4,179
756:1,172,100,98,173,174,7,56,127,151
912:174,204,191,69,172,98,216,210,50,196
388:271,748,181,50,245,332,751,322,879,343
510:300,328,258,333,307,288,748,879,322,302
191:302,269,272,347,258,690,310,303,305,307
328:310,28,197,50,64,174,216,427,480,526
923:117,118,1,410,147,7,298,25,15,546
847:1,100,56,275,127,7,237,318,9,117
589:326,307,333,315,748,879,258,322,302,316
735:100,302,313,269,275,300,268,7,272,508
352:127,7,64,1,258,89,288,173,168,22
509:313,286,300,181,127,272,269,100,333,315
387:475,151,474,181,195,183,23,12,176,55
262:50,196,216,143,83,173,172,483,1,86
837:286,300,237,15,50,313,283,1,100,257
933:98,172,50,96,181,79,168,176,210,127
580:288,258,117,118,222,748,298,300,1,100
884:286,137,50,86,283,124,83,170,98,514
32:258,100,475,1,127,286,302,333,237,294
397:50,98,603,269,180,187,654,185,124,258
892:195,204,210,199,385,50,121,228,211,28
428:328,326,690,332,333,286,347,292,258,304
161:50,100,127,181,258,286,1,313,318,237
196:100,1,475,50,137,7,275,56,70,318
519:344,302,331,307,326,347,690,882,305,329
323:475,181,56,1,237,7,288,276,12,318
497:7,403,228,258,68,222,763,117,455,250
416:289,527,88,65,403,237,216,582,95,735
732:328,313,326,315,307,258,286,333,310,302
905:286,258,269,127,50,288,475,268,276,237
662:137,14,221,242,475,124,286,813,319,129
476:172,174,195,96,173,50,22,181,186,385
521:50,174,172,98,210,288,7,144,1,183
674:300,237,258,288,748,118,328,257,15,282
911:50,483,98,318,496,210,132,86,196,211
88:313,302,315,269,292,272,306,316,328,300
390:313,328,269,333,272,315,50,748,301,242
176:302,286,288,269,475,258,508,313,327,242
168:237,111,118,222,50,255,274,471,284,276
593:15,1,22,28,423,121,275,79,96,210
613:100,286,285,275,124,9,181,276,302,237
223:300,328,117,748,50,181,121,15,258,742
776:183,185,195,56,79,176,172,175,443,96
536:143,173,228,216,196,1,202,732,705,89
104:286,258,269,50,300,127,275,237,294,301
233:98,132,357,427,480,50,496,185,134,479
471:720,118,385,71,73,38,143,732,63,1028
297:127,1,475,286,172,168,318,151,408,276
766:98,174,199,480,483,511,479,197,443,603
305:269,483,209,191,100,179,514,89,190,173
686:183,100,195,176,185,191,22,483,96,168
697:288,258,100,117,475,300,333,508,313,276
710:98,127,258,183,181,269,172,176,191,195
7:5,448,218,89,219,176,23,566,642,31
335:313,302,258,333,307,286,272,328,315,269
362:328,307,315,288,272,326,286,748,310,271
774:174,195,79,89,185,56,172,96,234,135
928:258,50,313,302,288,286,333,100,181,300
287:288,475,50,127,7,258,181,508,273,150
20:300,50,121,1,294,117,222,328,237,748
27:288,475,7,50,258,117,1,222,257,508
77:174,100,127,172,135,180,483,182,12,64
719:237,50,204,15,1,174,275,100,423,28
865:50,508,127,288,124,181,1,151,129,150
224:88,143,22,739,216,71,732,204,423,66
146:344,347,307,340,690,316,305,286,327,333
54:288,300,181,333,257,294,222,7,286,271
871:288,333,328,181,307,748,310,294,315,272
818:286,269,315,272,333,307,300,347,270,690
312:514,529,194,435,523,519,462,318,489,490
248:288,258,56,98,7,1,195,302,174,183
467:50,508,7,258,127,237,273,181,117,410
761:300,121,181,294,1,257,100,405,328,118
69:475,100,288,127,7,302,129,324,276,286
638:195,1,79,127,98,22,100,56,222,176
154:98,474,23,56,357,100,127,179,180,183
252:100,285,508,50,269,237,137,258,127,283
878:83,86,483,318,213,191,70,132,283,100
447:100,117,1,127,237,222,79,475,257,405
550:258,748,313,294,333,326,332,307,322,245
365:286,100,475,268,508,258,276,302,237,313
457:50,69,121,95,97,151,127,66,86,71
775:302,313,269,315,347,333,316,340,328,690
209:275,100,137,14,124,286,283,475,276,242
126:326,347,307,305,331,272,310,690,887,292
349:100,237,508,117,1,9,50,286,127,285
66:50,117,100,288,1,181,294,121,257,313
862:174,100,56,7,1,89,511,475,405,227
114:50,89,174,168,654,514,209,511,56,191
430:127,286,269,181,285,475,242,340,198,14
696:269,313,272,347,316,303,300,340,242,292
781:174,56,98,258,176,89,12,183,168,269
371:172,96,195,181,56,168,173,318,28,89
279:430,403,62,172,29,72,250,153,95,85
625:98,127,56,100,173,168,89,191,258,318
92:98,7,12,127,173,25,79,216,151,70
498:100,475,127,56,654,209,50,198,124,357
138:50,127,174,199,498,197,435,427,511,194
241:302,315,272,269,258,333,347,690,340,328
214:50,514,124,7,286,357,168,1,14,508
41:174,172,127,168,181,483,89,210,79,176
632:50,28,79,210,196,216,496,1,427,56
561:474,654,209,135,475,182,134,357,192,198
769:237,15,50,117,121,100,181,405,257,300
440:306,286,302,311,292,301,303,315,269,340
182:50,237,100,117,121,258,222,127,7,405
559:50,269,98,79,195,100,183,357,480,286
487:174,181,50,95,202,168,172,143,121,655
802:271,288,307,333,343,226,895,195,176,234
853:313,307,328,326,258,271,332,315,748,272
423:300,286,328,315,333,307,272,301,310,304
647:50,181,1,210,69,172,96,204,28,117
796:50,294,210,79,1,88,82,678,73,216
575:50,174,98,181,127,172,56,100,64,195
12:98,100,1,181,237,286,275,258,9,22
340:174,172,28,69,496,143,318,181,210,132
644:245,678,118,257,333,332,288,879,282,222
691:174,172,181,127,318,483,183,357,100,96
488:174,172,195,204,194,483,96,79,132,1
937:286,100,269,302,276,258,242,127,475,508
514:174,168,56,204,202,181,313,64,451,433
270:277,100,12,44,715,591,381,7,223,508
814:183,56,195,174,79,176,96,288,234,185
927:172,1028,1,181,161,117,22,174,720,597
843:183,50,98,181,172,79,96,56,234,200
131:275,283,303,221,137,306,9,319,237,311
246:56,195,17,176,7,174,184,156,183,201
99:117,288,121,181,258,222,257,282,127,298
896:181,56,69,204,100,12,483,11,28,357
36:328,326,292,300,344,879,690,332,315,313
568:170,514,480,511,285,197,286,654,134,14
869:50,100,258,288,1,181,117,7,222,286
266:302,258,269,50,127,300,340,276,288,237
449:14,475,116,221,124,93,275,813,20,19
743:286,269,258,313,50,272,315,333,127,340
412:50,98,100,127,181,12,258,64,79,168
736:100,286,475,276,302,285,508,333,288,268
770:286,50,1,313,181,276,302,127,237,9
888:275,9,127,318,25,1,50,285,15,283
357:15,121,257,282,742,300,25,255,50,181
83:118,71,174,402,69,742,237,866,143,472
724:313,300,302,307,315,272,286,288,316,690
347:174,121,237,98,22,127,265,100,11,64
670:194,498,435,427,50,197,496,132,136,318
930:100,285,283,237,286,25,50,15,276,9
832:300,328,258,302,333,315,286,272,288,310
745:50,127,181,174,56,318,1,483,286,357
192:286,285,275,313,268,269,276,242,288,237
327:179,56,98,12,175,168,64,173,135,474
844:173,1,98,275,56,204,7,64,202,153
31:269,127,100,340,480,603,23,272,286,654
394:174,184,22,50,95,183,98,470,121,11
909:269,306,242,285,303,302,319,315,311,313
539:286,100,318,213,14,242,127,50,302,191
382:475,514,23,285,124,137,127,238,654,32
597:258,288,323,117,121,222,313,257,118,333
64:174,56,89,173,210,12,483,204,357,202
587:302,307,328,326,315,272,347,690,292,879
881:98,69,96,234,50,181,204,435,118,265
607:285,124,14,275,286,514,127,170,50,9
475:302,313,286,258,272,300,301,333,690,310
172:98,318,100,127,56,174,1,9,50,237
677:258,678,333,50,250,271,181,298,257,222
75:237,7,50,15,276,181,111,257,127,9
405:226,385,174,200,470,204,684,161,215,196
78:286,258,294,313,300,100,333,117,508,268
164:288,322,326,294,118,121,257,282,332,879
331:269,303,285,340,474,357,272,346,23,480
617:23,641,589,32,654,661,558,180,488,474
422:288,7,56,508,268,324,156,298,293,325
3:313,302,258,333,307,300,272,315,288,326
702:50,300,181,328,313,748,22,172,294,174
38:385,732,402,566,739,73,63,451,568,781
532:286,732,289,69,423,326,315,328,202,258
900:100,127,98,50,286,180,357,427,479,23
667:286,100,50,127,191,483,197,313,64,302
293:98,89,197,187,134,357,135,175,191,182
765:285,100,269,124,116,276,515,475,50,303
682:56,288,50,174,258,64,173,403,313,475
103:50,258,1,237,181,100,286,300,313,127
668:258,313,333,268,315,294,181,307,748,100
50:100,93,129,340,302,246,150,286,346,285
236:300,50,237,1,181,174,258,294,132,204
594:286,127,50,258,302,313,275,276,285,237
73:98,50,179,23,483,174,191,238,603,134
602:300,258,328,288,313,748,333,326,50,322
158:4,181,127,25,89,96,475,79,257,186
256:121,284,282,148,77,471,25,111,7,356
715:117,7,56,174,172,210,100,151,763,127
336:117,25,111,1,7,410,763,24,125,181
543:100,50,127,172,168,175,186,194,483,511
220:313,302,258,269,272,315,300,333,307,328
142:50,258,302,269,100,288,127,313,56,286
709:79,181,117,550,188,184,763,7,265,118
280:237,735,88,143,356,568,692,204,125,28
779:121,300,237,118,257,742,405,748,282,288
316:318,50,127,70,86,285,216,237,1,313
265:117,50,121,181,282,222,15,405,7,111
463:242,276,14,475,9,124,137,268,248,744
219:286,302,50,313,100,127,357,275,272,318
300:682,328,326,332,323,678,333,1025,307,358
57:117,121,1,118,300,294,125,127,7,742
375:195,174,79,550,96,226,98,177,228,385
874:100,269,50,340,313,272,258,242,268,475
759:313,294,237,288,333,257,286,15,322,326
361:100,191,483,137,127,174,175,134,474,462
914:88,465,378,162,451,485,660,356,739,133
210:172,318,22,191,173,423,64,427,100,12
858:302,313,242,340,300,285,258,272,100,306
943:550,96,56,183,568,176,265,288,144,234
251:50,181,127,258,7,98,174,117,121,276
151:462,498,511,170,86,197,194,211,153,199
799:269,302,313,272,315,306,340,303,480,316
866:286,302,313,269,272,258,316,340,301,690
110:313,181,174,50,172,98,195,294,56,300
145:288,333,258,183,127,307,147,268,326,748
618:318,204,1,96,172,496,210,143,216,97
368:288,258,271,333,302,219,250,475,7,183
483:222,121,117,257,237,15,118,300,405,100
452:435,511,482,705,210,211,195,474,318,357
493:50,174,1,195,127,172,7,288,222,475
468:1,7,276,238,168,181,151,14,70,483
96:172,180,135,175,12,168,357,603,179,199
548:288,127,333,271,748,79,325,326,276,200
437:83,921,168,588,432,1,191,660,70,527
695:313,331,286,346,690,333,347,272,327,326
565:512,213,170,137,514,59,14,488,285,1121
649:258,117,100,237,121,222,300,288,748,7
16:50,204,127,28,234,185,181,89,191,182
784:286,333,288,300,269,347,328,326,310,316
444:286,302,258,307,690,315,333,301,310,326
186:121,118,237,328,282,405,1028,742,125,294
555:1,237,300,258,222,127,257,121,294,15
135:127,200,100,288,79,182,50,11,174,64
242:286,300,126,304,313,332,301,285,328,242
502:748,258,300,307,326,271,678,879,332,294
806:172,173,209,135,210,64,195,181,191,183
46:302,269,258,272,340,288,307,315,268,300
121:286,285,50,127,283,276,269,258,237,302
427:326,307,344,690,879,313,333,292,315,538
63:285,475,275,258,269,302,268,124,242,127
258:328,258,272,315,307,302,333,326,304,322
810:300,307,315,258,302,748,272,310,316,332
747:514,480,28,170,194,657,191,430,186,523
484:117,118,22,28,228,168,71,568,742,161
459:237,118,405,258,328,282,100,111,313,288
274:1,121,181,222,126,151,127,7,276,257
203:258,300,237,100,1,286,313,257,294,7
318:286,216,191,527,318,88,660,69,427,28
572:100,275,285,237,258,313,50,276,269,127
720:269,303,313,311,347,340,344,690,305,292
343:98,70,213,318,172,181,216,209,153,7
87:117,195,69,96,181,237,1,161,144,125
623:174,172,98,100,318,1,194,96,64,173
641:480,474,269,483,357,50,98,286,302,603
757:181,79,1,127,100,121,12,117,168,228
181:300,117,237,258,294,15,288,748,50,328
840:479,194,511,462,134,427,488,603,211,185
634:276,288,282,1,127,258,7,300,126,257
922:172,181,210,95,168,195,204,96,403,82
505:50,318,181,28,79,69,258,294,204,172
44:98,79,56,176,127,210,89,7,12,265
588:172,50,196,210,22,66,216,202,73,710
353:302,300,272,307,258,328,269,310,347,690
918:213,462,14,137,285,694,512,736,52,30
856:313,328,302,269,333,310,288,301,326,316
848:168,483,211,496,208,194,175,83,705,435
386:50,288,121,181,118,100,257,1,258,7
529:313,300,302,315,272,690,879,751,269,347
263:28,483,480,496,427,520,705,511,604,50
925:258,333,313,100,307,127,50,271,302,286
408:313,258,286,269,307,333,300,328,347,340
836:127,50,286,100,98,480,313,483,191,197
511:288,326,307,302,313,331,332,328,327,879
80:286,50,127,269,302,318,98,258,313,357
398:174,204,318,98,210,64,511,523,498,133
891:15,117,275,111,125,405,300,276,1,294
35:328,313,307,326,333,322,310,315,332,690
750:313,302,258,315,272,300,333,307,316,347
401:86,50,98,286,427,64,660,213,79,69
160:475,7,50,238,919,276,93,42,156,98
197:313,751,195,271,181,310,748,79,333,234
322:98,100,56,180,357,187,302,480,475,183
415:50,313,127,286,181,100,98,357,300,272
583:98,50,127,174,56,318,172,64,89,191
804:172,96,222,79,429,300,127,168,117,188
354:275,462,14,137,269,923,190,319,514,224
827:313,258,300,302,288,286,328,333,315,307
464:313,286,272,181,100,328,315,310,316,270
663:258,127,268,237,50,273,286,302,340,293
805:156,56,42,182,89,268,433,11,174,154
479:50,98,56,100,79,96,64,89,69,191
673:302,272,258,300,347,316,333,307,690,301
520:313,302,258,300,275,301,272,306,304,340
831:258,286,302,300,288,269,127,315,328,268
89:275,286,9,276,111,285,137,508,248,591
915:272,269,316,258,333,307,690,300,310,270
391:127,98,56,483,197,276,199,191,285,523
28:183,98,200,181,96,185,172,443,127,188
167:498,499,485,511,705,519,427,661,514,197
590:9,242,508,93,283,19,116,813,269,237
705:121,181,117,125,15,1028,204,88,294,73
107:286,313,315,272,316,347,301,690,303,268
664:191,357,427,474,50,23,479,175,603,185
537:286,302,285,269,170,514,98,488,86,654
232:286,318,127,269,134,480,12,479,174,427
470:237,117,7,1,127,150,15,273,25,124
527:98,474,175,179,654,89,483,183,64,134
177:100,98,50,268,258,181,357,64,96,79
304:300,258,50,288,328,286,748,181,100,333
608:313,480,582,302,191,315,12,70,132,272
687:302,258,333,307,286,315,328,272,326,301
711:86,268,286,707,381,143,462,283,423,173
332:288,405,763,148,358,11,546,343,298,260
547:286,269,272,300,301,307,347,690,288,310
612:50,237,181,286,258,294,127,313,222,328
76:100,475,124,514,175,285,654,127,32,238
178:294,174,121,204,79,742,127,95,98,405
681:313,315,328,302,326,347,316,300,307,310
284:313,272,316,242,690,311,292,306,301,270
910:100,127,181,7,79,64,258,276,96,318
21:288,475,324,271,302,333,7,268,307,346
296:137,258,318,283,15,13,25,302,116,126
141:118,121,15,405,748,257,742,288,111,1
789:7,288,1,286,237,258,268,273,9,246
225:427,174,199,318,483,98,197,132,511,357
870:180,127,200,187,483,50,268,135,183,176
239:514,23,170,480,483,197,479,192,657,59
53:117,1,237,121,222,405,127,7,282,288
764:50,181,742,118,300,294,9,274,25,204
639:197,285,165,318,190,479,498,191,480,70
299:462,170,169,173,172,652,124,709,116,428
249:475,127,181,151,288,238,173,172,508,183
760:300,328,294,313,322,181,50,15,1,118
303:7,11,24,172,79,89,70,64,28,179
5:168,210,195,175,144,403,176,96,202,265
255:358,250,260,123,333,343,895,323,273,240
601:1,98,56,195,7,151,89,173,176,96
738:168,210,22,79,127,483,100,357,191,12
551:22,200,216,628,12,185,183,282,161,184
772:300,333,310,286,316,690,269,748,347,288
364:288,313,302,307,333,258,300,340,323,268
26:258,286,237,333,1,294,257,276,268,117
313:96,228,429,523,28,510,496,22,132,185
348:125,282,405,815,300,866,148,255,281,222
433:100,127,285,269,275,124,475,14,9,258
863:326,269,347,340,292,332,258,879,270,305
67:118,763,410,257,1028,1016,1047,597,282,222
115:100,98,23,182,276,1,150,181,151,129
376:50,127,1,286,275,9,318,7,237,475
436:56,268,241,232,402,200,655,451,258,431
109:118,405,98,173,168,742,568,24,68,64
207:100,286,427,1,50,204,181,22,210,194
42:174,423,22,79,393,739,265,15,97,451
139:286,302,242,285,340,269,292,313,887,258
91:300,272,604,310,205,510,258,526,199,185
217:195,174,181,385,50,172,183,550,228,227
125:210,204,181,83,385,208,96,211,1,89
152:402,699,88,732,318,95,451,216,692,378
819:269,302,242,313,285,306,272,301,262,258
185:286,275,100,50,127,318,269,14,283,1
441:258,50,300,313,288,181,100,237,127,748
556:269,98,357,100,480,50,318,313,483,272
480:514,197,483,474,170,480,98,134,654,357
599:117,118,15,125,121,300,1028,815,405,866
626:269,288,340,268,333,315,307,300,347,301
278:302,313,272,258,316,300,340,690,50,301
420:269,50,242,515,306,276,303,9,258,268
852:181,117,121,300,222,748,257,258,294,742
576:181,117,127,121,222,7,405,25,275,276
813:328,313,326,333,258,288,748,302,879,272
797:181,100,258,1,222,286,288,7,237,300
868:175,172,56,195,168,182,654,185,96,357
645:56,238,183,12,187,100,134,603,127,514
690:204,195,96,210,181,56,121,22,172,568
787:300,328,315,302,272,258,326,333,316,347
11:50,275,216,269,283,709,168,196,172,483
98:174,50,100,191,98,168,127,318,204,211
47:302,313,286,269,272,315,333,288,347,690
277:100,117,276,50,475,275,7,121,127,257
515:328,326,333,300,332,302,879,316,347,751
132:475,50,286,514,276,98,9,56,7,238
926:313,286,269,272,333,288,300,307,347,316
501:508,246,1012,763,298,544,9,268,1017,123
247:286,100,275,127,1,269,313,302,9,283
803:286,302,313,315,272,258,333,300,690,301
25:172,132,69,28,210,168,98,127,211,483
754:237,50,121,1,100,300,258,15,181,222
699:286,276,288,508,237,302,9,7,127,242
499:286,302,269,50,315,258,316,272,303,480
267:96,173,175,144,42,154,4,184,79,11
630:125,15,282,405,181,258,50,147,328,257
742:276,7,286,181,9,258,117,275,25,288
508:98,56,89,173,64,12,195,483,179,135
350:357,127,183,100,56,318,180,474,64,191
889:475,238,50,175,23,209,7,181,12,69
429:98,100,168,64,7,12,1,9,655,483
727:50,181,195,210,168,385,257,222,1,258
895:50,258,286,313,300,237,127,257,288,15
84:50,1,181,127,275,294,9,257,405,515
642:627,941,125,63,1035,399,946,378,202,142
835:64,480,132,286,9,527,521,100,185,523
780:174,50,483,181,132,98,69,191,194,427
931:313,258,275,328,269,294,301,333,237,748
512:313,258,98,288,127,22,268,12,79,237
939:117,121,125,282,111,25,866,126,281,284
193:294,315,328,258,272,96,322,318,22,98
326:199,183,195,172,429,435,705,228,443,177
411:173,204,98,96,195,69,191,64,216,423
845:344,887,302,315,305,312,347,316,882,292
395:50,313,174,294,300,22,79,96,222,28
30:269,302,50,300,328,272,333,288,1,316
908:98,174,191,357,480,89,197,172,64,79
381:318,170,496,172,478,197,173,485,168,275
800:258,300,100,286,313,117,294,288,748,328
753:286,258,127,302,100,318,300,181,315,98
6:100,197,127,357,286,654,603,705,98,657
260:326,328,307,332,879,329,300,331,678,344
706:300,288,121,100,257,222,313,15,282,748
758:50,1,346,89,114,56,357,8,99,211
586:385,68,22,184,11,568,176,210,228,188
882:174,1,69,204,96,22,385,71,496,210
474:100,180,357,132,705,136,654,133,505,632
523:275,165,70,283,778,88,462,408,381,20
173:313,307,333,315,272,288,340,347,301,316
676:258,313,300,328,269,286,294,333,304,127
406:100,209,151,238,200,197,479,168,192,514
163:50,313,127,100,286,181,302,288,272,79
504:742,582,465,432,77,79,378,15,699,133
198:174,172,12,179,209,100,176,183,79,185
321:511,170,474,427,191,134,213,488,528,194
456:475,134,238,318,200,11,421,98,651,1073
616:328,300,315,333,307,326,272,310,690,751
701:302,258,300,301,333,310,242,328,347,307
229:313,315,303,347,316,272,690,242,306,305
903:100,127,7,508,129,50,150,12,9,273
660:172,174,258,168,127,89,96,83,56,474
533:237,100,405,423,216,274,127,79,283,126
654:181,1,117,222,294,15,237,7,25,125
292:50,98,474,56,172,357,89,514,427,7
683:286,313,269,272,315,258,301,303,310,307
821:15,50,9,100,69,127,204,117,121,216
235:197,514,134,603,194,513,479,199,302,498
669:127,100,98,357,318,286,483,174,258,191
174:275,111,274,318,283,25,216,866,255,70
380:197,191,357,127,603,511,134,172,64,173
72:237,185,56,183,218,195,200,7,11,216
716:483,132,191,50,15,64,210,172,71,699
118:183,195,156,89,92,182,53,219,12,209
337:181,174,172,1,195,22,210,258,96,173
611:302,313,258,690,316,268,331,346,327,288
542:168,56,174,98,7,475,210,95,204,195
221:288,410,11,127,195,109,182,246,268,12
708:15,300,294,125,282,121,328,815,742,476
534:323,405,257,763,1016,125,298,222,358,678
102:50,181,172,79,176,127,56,89,96,22
317:313,333,307,302,326,258,271,332,751,879
460:269,275,14,124,340,303,475,268,319,283
22:210,172,183,202,233,186,204,22,265,7
295:451,732,204,699,66,51,72,496,153,265
218:56,50,127,475,98,238,89,174,175,7
307:173,210,176,195,83,95,98,91,191,202
688:328,300,313,315,333,690,538,292,682,322
651:313,258,100,272,300,340,303,315,127,333
159:300,121,237,748,282,328,280,742,866,148
877:286,313,318,50,70,83,283,22,268,100
56:96,22,121,95,228,403,82,117,168,742
360:276,515,14,318,213,258,9,98,1,303
281:313,328,258,286,307,315,333,326,272,302
129:302,313,315,258,340,301,300,268,690,306
156:98,483,134,127,357,427,23,511,64,191
942:328,313,322,294,286,132,28,181,199,136
250:286,318,11,508,237,9,174,268,64,276
867:127,100,258,176,302,357,183,173,64,515
111:258,300,272,316,307,347,310,690,294,340
144:100,275,124,1,283,9,127,181,269,427
451:313,302,271,315,272,751,310,322,292,245
95:174,732,483,423,133,95,132,588,432,265
4:313,302,307,272,333,328,326,315,316,331
310:100,275,285,286,124,283,137,475,14,269
793:475,7,1,288,237,276,258,222,273,121
492:50,98,269,357,427,9,483,181,237,515
469:480,511,661,488,170,479,199,197,514,498
213:1,96,183,237,168,210,69,9,222,276
694:136,498,523,483,480,479,478,79,423,604
783:302,313,288,326,328,315,331,300,272,347
564:258,328,286,748,333,50,294,272,315,307
373:83,143,168,588,732,28,71,216,1,483
189:483,514,427,478,482,64,529,50,98,9
445:288,100,127,258,50,98,268,302,7,286
552:313,100,288,1,181,117,276,328,333,15
605:50,237,318,127,313,9,276,181,258,300
243:275,283,318,286,14,9,100,137,70,124
807:265,181,141,121,94,73,195,22,429,173
424:286,300,258,237,313,328,748,310,322,126
938:117,237,15,282,1,288,405,125,294,742
614:237,117,15,50,282,405,288,181,258,25
120:237,100,117,181,15,300,275,294,257,313
728:286,300,237,275,258,288,313,276,294,126
817:258,300,100,50,333,181,313,257,237,298
15:286,275,237,126,313,304,294,276,258,283
116:302,286,269,313,272,100,50,315,300,340
60:520,484,174,194,177,427,661,478,187,211
746:50,195,210,79,173,168,98,56,121,89
485:315,286,272,307,690,347,340,333,316,268
458:9,508,286,98,357,50,93,151,25,221
200:181,172,118,79,195,96,265,230,226,69
650:195,172,603,79,484,483,177,185,429,526
136:100,50,275,285,1,181,7,269,237,508
319:300,286,258,328,315,333,272,326,690,269
633:174,181,22,172,69,176,127,204,121,1
579:181,174,318,172,127,204,191,275,79,64
899:181,1,173,210,127,56,100,96,191,22
342:508,150,98,1,357,151,137,42,340,276
439:100,286,237,475,508,9,258,288,127,275
713:313,286,315,316,258,300,307,690,333,328
619:288,328,748,333,271,222,294,172,751,257
563:1,121,181,204,117,174,95,172,15,22
935:405,1,294,111,257,222,25,50,255,748
378:1,216,50,69,427,95,56,197,496,357
823:210,1,12,209,69,655,318,202,194,95
180:172,168,174,204,70,50,210,64,88,202
921:300,121,50,1,125,204,117,71,742,22
841:328,326,307,310,690,879,332,316,292,304
48:479,197,269,474,604,199,318,302,313,286
657:286,100,258,302,288,50,313,268,127,276
855:170,514,14,213,137,285,529,190,483,83
919:288,50,268,1,237,302,7,127,294,301
723:50,181,1,172,100,127,98,7,222,173
794:100,124,286,276,508,302,7,303,9,150
573:100,98,318,286,357,197,483,191,64,269
264:100,89,475,50,127,12,174,474,154,176
528:172,98,127,318,1,79,100,483,64,56
839:100,508,276,288,237,7,9,150,258,124
148:181,98,173,483,56,210,100,64,318,127
409:175,654,488,134,170,197,517,135,435,180
516:100,127,258,313,269,302,98,318,1,56
272:174,100,318,64,182,180,195,191,89,181
629:100,318,181,79,12,313,1,11,96,237
