81:50,100,181,117,237,222,174,288,258,257
399:28,79,403,22,421,68,258,3,268,173
890:183,180,511,56,205,443,199,484,211,200
385:23,192,209,320,603,641,1103,517,1098,960
751:173,313,83,258,294,1,22,191,143,732
34:302,313,340,311,307,326,300,315,303,304
194:180,98,64,234,182,603,480,134,100,79
325:657,479,211,603,179,187,528,523,183,89
414:258,268,269,340,333,307,286,100,50,294
730:258,181,288,127,294,117,237,222,313,300
560:100,50,475,7,127,515,269,56,98,408
886:150,168,92,172,475,763,204,959,273,12
355:331,344,326,690,332,271,329,270,292,879
606:117,50,294,98,742,7,318,79,597,501
595:150,246,1012,100,129,1067,298,93,237,273
478:7,238,95,56,98,508,58,410,9,8
489:328,690,292,344,333,329,310,887,895,305
672:288,286,237,313,300,294,258,117,111,255
402:275,1,174,258,98,285,117,276,269,172
830:204,28,195,79,199,64,318,132,216,96
739:300,328,258,313,322,127,751,326,271,333
392:100,515,286,514,480,483,408,124,285,474
907:742,126,866,127,220,276,222,9,405,11
648:222,227,50,164,233,434,117,257,208,25
29:315,313,272,258,316,303,127,750,242,50
166:326,307,294,332,333,315,310,748,288,271
591:275,197,318,514,9,50,124,14,137,98
585:512,971,137,462,285,753,224,694,242,221
530:318,15,1,9,276,117,258,127,286,300
106:86,88,70,462,50,197,196,79,237,15
231:117,258,237,294,125,15,118,328,222,282
665:237,7,288,151,121,258,508,11,410,111
473:100,269,93,242,286,508,116,7,13,276
170:300,328,313,258,307,294,748,288,332,271
679:258,174,1,22,173,11,313,98,7,64
526:286,258,275,237,300,9,257,1,124,294
684:174,121,50,95,125,222,210,71,294,405
598:315,302,328,258,690,272,310,326,316,347
609:286,313,258,302,269,100,275,300,301,294
712:88,720,393,419,1035,73,380,28,67,161
372:288,185,379,106,334,800,670,567,271,508
333:50,258,174,318,172,22,313,181,64,127
615:318,98,170,134,514,64,474,86,483,12
546:678,323,218,452,895,260,333,665,326,106
704:427,357,511,483,482,479,199,515,132,657
179:328,307,326,294,286,690,332,304,269,270
285:50,258,302,127,181,286,272,515,7,294
71:50,100,127,174,318,172,181,197,7,12
291:68,559,25,183,42,234,47,501,443,109
880:763,182,161,693,123,79,56,64,346,33
226:50,100,127,181,1,275,276,313,475,269
140:313,269,258,100,50,315,300,272,301,340
652:258,313,300,50,294,286,181,237,288,117
873:258,286,288,315,302,307,272,333,50,748
101:258,1,294,7,222,15,300,100,282,125
238:258,313,294,288,50,237,100,181,328,333
52:286,50,9,276,1,283,14,181,124,258
763:86,183,70,216,179,56,134,168,172,174
298:204,205,181,69,427,180,234,496,132,480
872:322,294,678,597,1028,326,748,332,307,245
302:313,258,300,286,302,294,50,288,272,328
254:174,265,385,79,465,161,215,173,300,496
748:172,100,127,168,98,1,357,64,194,211
338:275,515,199,357,50,482,269,528,478,127
541:1,71,419,496,294,125,15,423,969,215
367:288,271,200,559,176,260,895,240,11,447
582:288,258,302,298,127,333,286,276,257,150
455:258,174,318,9,237,222,216,183,121,22
282:302,313,307,271,270,333,340,326,328,268
600:265,228,234,181,202,177,69,144,566,12
314:15,125,756,356,476,720,508,1028,421,1051
465:174,172,483,100,168,197,211,204,199,181
860:302,269,275,315,124,258,127,50,303,316
112:313,690,292,326,303,269,311,270,304,347
432:7,117,100,1,257,298,121,127,25,273
698:174,181,1,258,313,483,100,211,511,199
19:50,100,181,7,1,127,286,174,98,302
377:258,50,181,302,127,100,288,98,1,300
659:480,187,318,234,134,505,655,510,194,132
59:475,229,70,742,238,154,380,234,191,215
495:183,443,94,97,164,241,584,133,419,53
637:300,258,313,286,294,288,302,301,269,307
43:50,1,300,283,204,83,451,66,8,419
216:475,11,12,318,127,69,151,273,223,268
309:300,307,313,328,690,302,333,292,271,748
941:50,100,127,1,288,302,313,475,269,286
124:174,172,183,89,176,50,210,98,79,204
153:174,50,98,127,172,181,64,318,1,22
876:50,100,127,275,98,1,181,515,483,9
442:475,182,55,42,168,188,68,201,92,79
184:151,134,191,427,15,162,179,507,153,663
557:258,515,272,100,313,269,302,328,276,181
913:174,172,100,238,182,181,1,357,187,209
90:86,673,487,582,603,650,187,182,610,213
481:174,511,515,483,496,172,275,478,705,480
627:79,182,56,98,200,234,69,96,174,265
204:286,269,285,313,275,100,258,306,14,127
729:328,313,258,294,326,271,307,751,879,270
10:514,659,124,427,58,663,531,661,8,79
790:121,96,127,257,1,173,111,258,9,318
577:402,88,161,118,566,739,451,403,172,692
812:258,313,322,307,294,333,271,323,751,879
435:50,156,271,135,17,55,475,198,209,42
737:50,98,56,168,238,174,172,179,7,182
693:183,200,56,180,182,64,318,9,179,100
567:511,23,656,661,135,513,195,357,515,505
828:242,285,221,900,311,306,262,305,268,345
786:174,50,69,79,64,153,22,181,427,96
276:127,200,327,168,17,959,48,211,228,39
419:511,199,483,515,480,479,498,194,435,427
133:313,302,286,300,328,307,294,270,690,333
244:762,462,475,421,127,56,11,58,1048,182
500:50,151,222,181,200,173,197,515,248,83
358:285,462,923,86,170,32,45,197,514,171
851:288,343,323,56,118,7,181,895,455,195
123:127,480,275,269,50,318,515,357,302,603
421:127,195,515,181,7,269,64,199,194,180
389:153,427,705,496,132,606,659,180,318,479
755:313,328,315,307,272,326,270,294,288,333
268:56,175,100,238,98,474,182,81,4,156
741:174,318,64,1,79,210,427,483,96,97
620:222,125,118,204,1028,472,225,294,148,117
496:168,173,209,42,1,195,176,95,83,156
351:690,315,322,270,304,316,302,879,344,301
570:313,302,258,288,286,300,269,333,272,307
726:294,118,257,121,597,117,748,405,181,288
345:70,58,248,237,28,275,238,22,15,96
894:269,302,137,276,305,995,475,19,268,900
643:98,204,238,183,153,89,202,234,180,95
85:196,432,98,131,8,427,603,478,275,487
932:505,656,705,945,134,602,190,480,474,641
834:300,294,286,302,328,268,748,222,1,9
190:258,294,50,237,286,100,328,181,333,127
513:1,237,174,405,294,300,172,742,125,282
329:258,285,9,313,275,7,475,14,242,268
846:79,419,195,1039,705,655,174,735,191,136
410:300,328,258,286,302,326,294,307,310,292
734:174,1,132,181,133,427,357,64,480,275
346:176,227,11,228,183,222,68,226,403,550
622:210,257,1,68,204,42,238,189,72,222
33:326,307,748,333,294,332,322,751,879,270
815:419,95,181,216,208,82,478,210,69,135
261:328,307,288,326,748,313,332,333,323,271
581:285,124,129,475,324,116,93,221,1008,14
883:13,212,303,175,228,169,61,59,14,19
396:300,678,288,1028,294,125,405,748,326,147
359:258,288,294,313,300,222,257,271,748,127
893:181,117,7,222,121,258,288,174,127,100
777:127,100,50,286,258,98,318,302,1,7
675:303,285,315,302,14,900,311,221,272,340
522:98,174,474,172,195,56,183,209,182,238
407:173,96,100,181,144,175,204,12,1,209
518:117,15,282,288,111,100,508,7,258,294
162:7,50,100,288,475,151,11,258,24,127
199:100,302,50,275,127,7,124,258,237,340
320:181,24,118,1016,597,1,125,222,258,219
417:11,746,153,367,203,174,83,431,156,588
9:100,285,127,313,275,515,302,269,9,272
826:176,228,68,265,183,79,2,96,751,550
902:181,174,258,1,515,127,222,100,22,173
661:98,196,64,100,173,483,127,496,153,423
477:125,278,283,476,1028,934,126,845,866,785
773:474,179,433,512,652,135,856,56,475,81
680:100,7,275,181,127,124,258,237,174,475
809:258,288,269,50,307,294,100,328,333,127
825:288,300,405,257,281,1,15,127,1016,111
175:174,98,318,69,204,79,194,28,127,22
752:313,316,887,292,328,303,315,326,311,879
169:515,313,286,272,302,269,310,511,328,315
206:307,300,328,270,286,690,326,271,316,294
592:93,42,117,182,7,56,474,475,603,531
334:269,251,293,1007,209,1073,134,480,300,301
545:195,385,222,210,230,227,22,173,95,233
119:118,50,748,471,258,294,291,288,276,744
222:56,294,98,79,96,121,71,200,157,117
610:79,174,313,423,64,196,69,28,204,496
707:14,303,19,896,20,297,709,514,126,251
105:258,100,50,268,127,340,300,307,333,315
762:258,313,268,50,269,100,300,272,294,127
535:509,98,83,211,708,14,582,179,474,488
524:510,64,347,87,285,223,503,482,492,514
234:479,199,514,197,478,496,493,427,482,492
461:302,286,269,303,242,340,100,258,268,315
767:199,511,480,515,498,520,50,197,427,705
294:300,258,748,294,307,272,302,327,257,273
23:168,50,209,238,210,169,191,474,202,204
306:242,302,100,124,303,93,221,268,14,137
689:288,222,294,257,1,100,237,405,127,742
717:288,286,292,100,328,255,294,326,591,276
363:24,7,1,175,184,109,257,12,153,209
655:900,221,340,269,347,303,23,286,192,212
55:172,1,127,258,100,98,195,222,7,96
820:258,313,286,300,50,269,294,307,100,272
286:169,189,313,432,181,21,746,114,258,24
253:174,313,172,300,258,181,272,423,28,357
157:237,7,288,275,15,268,111,257,181,25
718:117,125,294,237,678,322,328,748,148,288
864:96,202,100,88,181,403,194,385,651,161
68:100,1,7,222,117,313,294,9,300,15
147:313,303,242,315,340,292,311,347,270,316
768:50,258,300,294,286,181,15,276,742,328
208:174,172,204,211,50,318,69,153,732,435
94:92,288,582,48,218,518,403,65,747,69
311:97,69,328,133,566,419,318,95,215,443
466:271,751,313,343,300,294,346,270,307,269
658:475,238,174,168,172,483,182,12,64,9
212:50,127,98,100,174,64,483,9,258,197
128:95,318,588,699,132,8,419,215,483,196
370:479,483,174,197,657,474,496,211,514,194
782:326,690,271,879,302,331,333,311,315,751
879:258,117,294,300,313,100,288,286,7,121
446:302,313,286,258,300,315,272,307,310,328
188:237,222,9,183,172,117,405,28,96,15
553:511,357,199,528,180,498,211,127,135,657
450:448,173,483,414,371,289,484,200,898,82
61:313,328,326,307,302,690,292,315,316,322
127:678,121,118,1016,328,751,181,195,385,227
425:258,195,176,7,183,100,751,174,313,333
635:258,313,286,288,268,300,100,340,50,272
816:328,748,307,333,258,879,332,678,751,270
431:258,313,302,315,307,272,333,326,310,50
14:100,1,127,14,137,408,238,98,197,475
117:288,7,127,100,250,273,151,22,98,294
486:285,100,286,116,292,744,257,321,19,813
93:237,50,286,15,117,111,25,100,258,181
624:340,268,276,269,117,324,294,287,9,301
201:56,98,200,185,135,234,127,258,134,246
849:50,181,172,1,222,98,195,117,79,22
137:288,294,258,117,328,118,271,1,678,546
240:258,300,315,288,328,333,326,690,294,268
40:302,286,269,313,340,690,272,311,315,346
215:79,176,22,181,173,96,318,258,204,12
438:294,117,258,313,328,125,288,257,181,286
904:294,125,15,258,742,313,25,283,1,220
562:28,423,183,69,204,64,172,133,318,216
379:195,197,186,199,180,519,215,173,318,210
183:174,172,79,210,183,195,96,69,98,234
924:98,197,286,204,483,127,8,480,174,479
558:242,302,14,221,93,303,9,13,475,319
2:258,50,304,9,300,124,127,340,288,301
507:326,307,322,323,332,270,259,895,272,331
744:100,98,50,56,318,64,9,1,7,12
801:258,328,307,286,272,751,270,315,748,269
49:179,558,93,238,81,50,408,173,23,116
854:127,657,151,515,181,302,237,286,480,137
13:165,64,523,206,692,294,269,136,168,516
574:313,286,269,315,292,340,311,303,305,690
722:258,300,288,313,237,50,294,9,276,275
341:271,326,307,682,332,323,329,331,328,678
795:56,238,195,173,7,50,98,100,11,475
898:302,258,300,307,271,328,690,326,269,333
150:100,7,50,258,302,508,286,276,340,313
936:124,126,508,1137,14,1067,283,1007,137,242
838:181,173,202,208,8,483,318,151,64,89
940:313,286,1,100,127,318,275,483,181,64
271:100,194,134,435,87,58,483,124,285,423
517:294,328,15,237,258,322,125,121,282,111
842:302,690,315,311,316,305,344,271,292,307
130:1210,96,501,218,294,327,140,447,117,432
920:307,270,326,328,690,300,271,315,331,316
897:183,180,651,568,50,181,506,237,385,132
37:181,121,50,176,222,144,7,385,258,118
82:427,98,511,204,180,172,496,64,275,483
569:275,285,50,117,288,111,127,313,294,269
384:300,326,270,307,315,332,690,294,322,316
448:887,311,242,346,690,316,269,347,900,315
324:313,237,328,333,117,326,332,100,682,15
413:313,302,127,7,288,294,268,1,272,333
731:483,318,496,86,133,479,511,191,427,498
356:328,302,300,326,690,270,310,332,292,347
887:411,174,404,15,419,820,150,161,62,550
74:286,50,300,288,302,294,127,333,269,181
725:313,294,288,50,307,237,326,302,269,272
917:117,100,15,275,286,1,111,276,288,9
749:222,385,566,568,117,82,265,230,520,143
671:79,68,403,385,405,204,117,176,222,226
833:98,919,475,129,324,176,7,127,288,53
403:117,121,50,282,288,125,257,15,300,294
195:318,306,268,50,9,300,515,272,222,275
17:100,50,127,258,181,286,237,276,288,9
393:300,751,720,258,50,69,748,403,94,405
538:50,64,318,1,181,168,204,234,258,28
906:275,237,288,127,9,508,50,7,258,15
149:258,100,272,315,242,270,50,127,347,316
383:318,511,98,302,127,482,269,23,523,515
165:50,1,98,172,7,313,79,56,100,22
596:258,307,333,748,302,326,181,117,237,272
628:328,313,307,332,315,331,748,879,322,310
603:258,174,300,195,183,176,79,96,515,520
584:50,181,174,1,258,195,127,96,257,22
604:183,56,98,200,185,182,23,176,288,443
666:657,197,474,194,174,223,134,187,168,9
531:328,326,307,292,322,315,304,270,258,310
230:174,318,133,215,191,660,183,527,483,181
472:172,210,121,54,91,241,184,470,204,148
525:50,258,100,117,294,1,222,7,313,286
171:286,272,288,100,340,300,307,50,333,127
678:258,313,181,237,286,294,117,100,222,288
79:286,302,242,93,50,475,9,313,14,276
404:326,315,322,307,751,301,333,316,879,288
8:79,96,64,265,173,234,12,69,98,204
771:275,286,14,313,257,174,100,588,269,151
330:125,71,143,216,88,111,432,69,79,356
549:181,300,117,294,222,313,1,121,7,257
39:690,307,328,300,286,315,326,292,316,272
703:117,258,1,7,121,294,282,405,15,298
901:393,692,720,118,385,755,1028,274,472,82
70:174,204,196,195,168,173,22,183,258,176
290:204,393,121,195,69,96,173,168,82,79
51:174,172,98,168,181,204,1,483,318,195
100:313,690,270,307,292,326,305,310,332,286
237:511,480,134,483,135,654,180,478,427,482
916:171,42,182,209,381,52,179,127,47,168
301:7,22,655,177,227,117,185,405,385,173
885:50,181,172,121,15,202,222,588,168,237
257:242,286,269,221,302,124,268,127,13,340
714:288,121,237,222,257,1,125,742,313,328
339:443,185,223,135,50,657,558,174,172,480
143:258,300,302,294,286,315,270,751,327,50
540:288,294,237,117,313,1,300,127,121,298
227:508,9,286,275,246,221,242,248,150,293
454:69,127,196,172,181,294,98,328,216,286
778:98,172,56,12,176,182,79,64,50,100
283:172,1,174,181,154,121,195,4,186,153
315:7,182,50,64,238,124,9,174,180,134
462:258,294,307,333,286,302,117,301,237,748
934:208,197,194,228,792,511,430,210,516,529
24:50,1,64,258,181,168,174,28,172,22
113:288,340,313,307,326,327,302,271,292,300
228:313,258,318,50,294,300,22,28,181,1
374:685,187,177,435,121,472,98,188,180,318
875:23,127,357,200,475,318,100,182,483,197
491:302,269,127,275,137,50,9,242,7,303
506:265,22,173,82,300,98,228,178,64,141
58:475,93,302,248,285,127,319,129,13,169
366:183,670,92,567,179,636,98,23,176,218
636:288,50,1,237,7,181,275,258,286,300
211:50,174,98,181,100,1,318,172,64,79
829:285,14,50,137,242,269,127,7,9,514
859:268,246,93,508,248,100,237,276,150,1012
308:209,144,528,192,428,153,177,132,521,507
18:707,462,70,709,191,528,59,483,485,124
653:258,195,183,11,176,172,98,515,182,288
798:294,732,239,172,257,393,739,22,71,402
65:69,28,174,127,79,216,1,204,172,22
861:14,275,285,137,306,707,57,221,283,19
554:1,237,222,216,127,100,210,64,195,96
929:174,183,64,168,79,197,181,180,357,234
369:302,50,269,313,258,127,272,100,286,270
788:234,197,480,127,526,199,22,215,435,31
482:300,258,288,181,333,117,286,237,307,326
453:56,127,50,150,182,79,181,268,1,96
288:127,515,50,523,9,302,98,258,313,269
205:313,258,302,286,269,300,315,272,328,50
97:474,173,176,135,209,211,238,56,179,180
494:275,50,1,9,318,7,117,258,25,111
811:313,300,326,328,302,333,310,288,332,270
791:258,313,286,315,272,294,307,333,301,326
434:117,1028,15,237,282,294,866,148,280,405
692:50,181,237,7,117,174,258,257,121,222
785:181,100,98,258,127,172,7,12,173,64
566:318,96,79,216,197,174,509,172,9,70
700:98,127,1,100,172,64,258,204,168,12
187:318,50,172,174,56,196,238,483,98,153
45:237,117,125,405,151,25,222,288,7,591
733:285,129,475,508,340,137,268,13,14,246
134:300,328,288,50,333,307,181,286,237,117
418:302,313,258,286,307,300,340,315,270,326
503:286,86,134,14,124,234,12,242,191,202
808:258,286,307,315,269,328,288,272,310,690
245:294,118,121,117,328,405,288,748,678,237
62:196,1,276,197,462,64,154,919,428,223
426:493,180,498,604,496,479,495,481,615,520
850:496,1,216,194,64,483,423,98,195,427
122:318,792,52,196,134,216,479,170,98,480
259:127,98,183,50,56,258,288,100,1,79
824:313,258,288,302,286,307,333,340,271,300
269:180,58,654,655,582,157,32,192,11,170
740:313,258,286,307,269,268,272,301,315,328
275:174,172,183,195,79,173,204,22,96,168
621:168,7,258,288,257,184,22,196,249,294
202:50,174,98,100,127,172,181,89,183,12
721:1,258,79,294,300,95,98,70,96,210
571:50,127,511,514,483,197,100,480,479,98
344:275,197,83,1,169,286,531,134,168,269
640:172,403,302,79,258,147,187,176,50,24
1:4,12,684,197,56,715,168,318,175,603
756:7,174,1,98,276,198,222,100,172,89
912:174,204,98,133,172,191,69,153,211,8
388:271,751,332,50,748,343,181,118,222,282
510:258,300,288,328,294,307,333,748,286,302
191:302,269,258,272,303,347,242,690,292,270
328:64,197,322,97,28,216,310,182,480,215
923:117,7,118,546,147,323,410,298,1,508
847:1,275,238,111,222,100,56,127,83,25
589:307,326,322,258,333,748,315,271,751,879
735:100,313,302,275,269,7,268,300,508,272
352:127,7,258,64,1,168,173,22,89,11
509:313,127,181,100,286,300,272,269,294,1
387:195,474,183,4,23,433,81,475,186,176
262:313,1,143,286,66,196,153,174,204,527
837:286,237,300,50,313,15,100,117,1,9
933:172,98,50,168,79,173,210,96,204,176
580:258,288,117,222,118,1,7,298,405,125
884:137,50,124,286,86,170,197,514,318,98
32:258,100,1,127,475,222,237,117,294,302
397:50,515,269,180,187,98,603,258,654,511
892:195,204,210,385,234,176,199,121,71,427
428:328,326,690,332,292,270,322,304,333,286
161:50,100,127,181,1,174,258,7,318,237
196:275,100,1,168,50,151,408,7,116,475
519:344,690,331,302,271,270,307,305,292,329
323:7,475,56,181,237,12,168,1,302,318
497:228,68,746,151,433,403,222,204,258,7
416:238,269,42,257,193,289,222,763,95,169
732:328,313,326,258,307,322,748,286,302,310
905:286,258,50,269,288,127,181,276,268,340
662:242,221,303,137,124,286,324,129,14,340
476:172,173,174,195,403,50,228,746,89,176
521:172,50,174,98,7,64,210,183,1,182
674:300,258,288,328,118,125,237,282,15,748
911:50,483,496,432,211,132,238,175,135,196
88:313,302,292,315,304,312,305,347,242,303
390:313,269,237,50,292,328,315,294,285,242
176:302,288,269,258,327,508,475,286,313,150
168:237,118,111,288,222,255,50,284,274,258
593:1,15,64,25,402,275,56,121,258,274
613:100,286,9,275,285,515,124,98,302,269
223:300,117,125,15,328,237,121,50,258,742
776:183,185,56,195,176,180,175,203,443,23
536:173,196,199,202,99,588,168,419,495,216
104:258,286,50,269,288,294,127,275,237,7
233:427,132,64,28,480,357,98,50,79,498
471:720,71,22,38,204,28,451,385,1,161
297:1,127,286,172,475,313,168,288,151,483
766:480,98,174,179,511,479,483,199,523,200
305:515,170,59,190,197,213,269,135,179,83
686:183,22,100,195,302,258,176,168,483,191
697:288,258,276,100,313,300,117,333,273,508
710:98,127,258,183,7,181,269,234,191,172
7:135,58,82,193,65,5,445,31,219,684
335:313,258,302,328,286,307,333,272,315,294
362:328,307,288,315,326,294,271,270,751,286
774:174,195,234,89,135,211,172,79,175,443
928:258,50,294,181,7,313,333,288,1,748
287:258,288,7,475,50,127,181,273,150,302
20:121,222,117,50,300,1,294,405,237,125
27:288,50,258,7,117,222,181,276,475,237
77:174,135,172,180,100,483,357,127,7,603
719:237,275,15,133,28,660,699,143,174,204
865:50,150,127,324,269,129,246,181,288,93
224:88,739,216,66,22,64,79,143,31,125
146:270,303,690,340,307,316,344,286,305,887
54:288,181,294,7,300,333,257,222,271,282
871:328,181,748,176,294,333,222,315,316,174
818:286,300,269,315,272,270,307,333,294,50
312:514,8,523,131,194,174,632,663,492,135
248:7,56,258,98,288,174,1,195,302,222
467:50,7,181,258,127,273,508,248,129,151
761:300,121,405,118,294,1,125,181,257,100
69:127,100,475,273,7,129,93,293,302,13
638:195,1,222,98,176,7,79,127,100,22
154:474,180,98,100,179,23,127,654,56,197
252:100,285,269,302,50,508,258,127,137,242
878:318,86,213,483,196,70,709,514,191,479
447:1,222,172,127,117,237,546,257,100,79
550:258,294,748,117,313,333,326,307,237,50
365:286,100,268,313,276,508,258,7,237,50
457:69,66,95,367,735,238,71,447,508,87
775:302,313,269,315,328,690,270,340,292,326
209:275,100,286,124,269,93,242,116,14,302
126:292,270,690,326,347,332,305,887,307,312
349:100,237,285,508,288,9,7,1,286,50
66:50,117,181,100,294,288,257,7,222,121
862:174,511,56,89,100,357,405,523,628,11
114:209,89,514,168,174,603,211,511,654,134
430:286,269,7,127,285,183,181,475,275,242
696:269,272,313,303,242,347,292,340,316,690
781:56,174,98,168,182,258,12,183,176,7
371:172,195,168,28,181,96,196,173,56,1
279:430,825,919,367,114,116,153,250,718,1016
625:127,168,173,98,56,183,100,1,258,12
92:98,70,223,7,655,12,367,25,127,588
498:100,127,654,475,56,198,209,134,135,357
138:480,127,427,64,479,197,134,174,511,435
241:302,258,269,328,272,315,690,288,333,326
214:168,50,124,268,474,654,172,514,198,150
41:174,172,168,483,89,194,183,181,211,427
632:28,50,196,496,79,588,210,1,208,216
561:135,209,475,654,134,558,474,192,511,653
769:237,117,50,15,181,294,121,258,405,257
440:306,268,311,340,315,14,286,270,344,874
182:50,237,117,100,258,222,127,121,174,7
559:199,183,269,79,511,302,50,89,172,194
487:172,181,50,168,313,174,95,79,739,121
802:288,343,307,271,333,751,895,234,176,226
853:307,271,258,313,328,326,332,323,748,751
423:286,300,307,315,304,328,310,347,272,269
647:210,50,117,181,172,69,204,96,195,237
796:88,692,66,117,210,50,294,97,648,159
575:174,50,98,172,127,181,64,56,1,100
12:258,22,98,64,237,9,313,1,181,79
340:174,496,172,28,69,210,79,181,588,393
644:118,678,245,288,282,333,879,257,222,313
691:172,318,174,127,135,183,483,181,22,511
488:174,172,194,195,479,483,96,480,191,204
937:100,286,269,302,242,258,127,276,7,137
514:174,168,56,209,286,223,202,208,313,181
270:276,508,742,9,582,53,100,12,236,258
814:183,174,56,79,176,234,195,12,7,50
927:1,181,172,174,161,720,742,22,62,222
843:183,50,181,98,222,56,234,200,172,185
131:275,303,221,9,340,137,311,116,93,292
246:11,201,17,56,184,188,174,195,176,156
99:117,288,258,121,181,762,24,127,313,257
896:204,117,357,520,56,69,177,483,180,186
36:326,322,328,690,332,300,313,270,292,271
568:514,511,285,197,480,134,515,14,199,170
869:50,258,100,181,7,288,1,257,313,117
266:50,258,302,127,269,237,181,7,1,276
449:14,512,221,242,1008,475,13,129,124,922
743:269,286,258,50,313,275,285,127,515,124
412:50,98,100,127,181,64,238,168,12,258
736:475,268,324,100,298,129,150,93,242,288
770:50,276,286,246,181,1,237,285,300,248
888:275,70,15,283,25,285,9,50,127,318
357:15,121,288,282,25,255,257,300,742,815
83:69,71,280,118,402,237,172,472,174,222
724:313,300,307,302,315,286,288,690,272,271
347:174,98,121,183,64,127,11,265,22,176
670:478,435,194,659,136,520,604,496,498,493
930:100,285,50,286,9,25,237,7,248,15
832:258,300,302,286,328,294,288,333,272,315
745:50,174,127,56,180,318,357,181,168,238
192:286,275,269,285,313,268,288,242,300,292
327:56,168,238,179,175,425,172,652,64,98
844:173,64,196,1,98,151,56,28,96,204
31:100,180,127,515,480,654,23,656,183,179
394:174,50,121,1,22,183,94,95,11,98
909:269,242,285,306,303,311,302,315,515,272
539:286,14,302,318,100,242,134,127,213,70
382:514,179,127,285,180,654,23,32,98,521
597:258,288,117,121,257,313,333,118,282,237
64:174,56,173,12,89,204,153,483,357,202
587:307,326,302,328,690,292,331,315,879,751
881:98,69,234,204,28,265,550,210,181,141
607:285,275,514,515,14,127,134,170,480,124
475:313,302,258,286,272,300,301,294,181,275
172:98,127,318,100,174,64,50,79,9,69
677:271,258,250,294,260,222,333,181,678,298
75:237,127,288,50,7,15,181,276,111,546
405:200,172,588,217,97,401,496,174,239,465
78:258,313,100,50,7,294,300,286,1,181
164:118,294,288,322,326,282,121,271,332,879
331:285,303,269,346,197,127,900,318,170,137
617:589,23,654,32,641,558,436,661,180,504
422:288,7,324,508,56,156,268,293,302,1073
3:313,302,258,300,307,271,326,333,315,690
702:300,294,181,50,328,117,121,748,174,313
38:402,385,732,588,566,451,72,692,356,366
532:69,326,196,28,423,328,180,150,15,258
900:100,127,180,98,357,23,523,528,286,50
667:286,50,100,127,64,197,483,302,191,258
293:98,187,357,197,28,32,182,191,204,655
765:285,100,269,124,116,515,50,221,19,302
682:56,127,173,288,265,421,91,174,64,183
103:50,258,1,181,313,237,100,275,300,127
668:313,258,294,268,270,315,100,181,333,751
50:93,340,246,100,302,129,7,150,262,327
236:237,1,132,50,275,174,79,204,258,300
594:50,286,127,275,258,515,9,313,302,285
73:98,50,179,238,168,134,174,182,209,23
602:300,258,313,288,328,50,748,333,307,326
158:1,4,169,25,189,117,181,89,124,257
256:282,111,281,5,25,218,121,233,144,470
715:172,174,56,22,117,127,763,7,210,69
336:1,117,7,25,111,24,411,151,410,125
543:127,100,172,176,210,514,153,58,203,124
220:313,258,302,269,50,300,272,100,315,307
142:50,258,302,100,269,313,174,1,173,195
709:79,188,763,234,117,177,405,550,470,265
280:356,98,97,237,692,88,732,739,509,735
779:121,237,300,118,288,742,405,257,7,25
316:318,50,285,237,127,133,216,86,174,527
265:117,121,50,181,313,222,7,15,282,405
463:242,9,124,276,287,14,248,268,25,340
219:100,286,302,127,50,197,285,313,318,301
300:271,682,323,328,332,326,678,748,358,895
57:117,121,294,118,1,300,125,7,255,25
375:195,174,98,443,79,226,177,550,385,227
874:100,269,50,9,313,515,258,340,242,272
759:294,313,288,237,257,333,322,282,405,15
361:100,134,127,511,462,124,137,479,483,174
914:88,485,465,162,732,699,451,660,102,216
210:172,151,196,423,258,183,173,191,12,318
858:302,313,242,100,258,285,340,303,292,272
943:550,176,234,568,265,121,56,53,183,227
251:50,181,258,127,174,7,98,117,121,257
151:211,194,208,116,511,285,199,47,659,519
799:302,269,313,275,272,100,515,306,480,483
866:302,286,313,269,258,272,100,340,303,50
110:313,50,181,294,98,172,12,226,174,328
145:288,226,333,326,183,258,302,156,300,210
618:318,204,95,496,1,172,96,97,568,11
368:288,258,475,7,271,302,109,176,183,235
483:300,121,294,222,117,257,174,237,100,405
452:511,8,135,520,211,657,178,514,204,435
493:50,174,172,127,7,195,1,64,222,121
468:1,168,238,70,197,223,151,7,69,28
96:180,135,172,168,511,179,357,603,175,211
548:127,288,333,271,245,286,79,334,200,176
437:83,735,168,28,433,191,275,186,588,52
695:690,270,271,313,331,344,292,305,326,887
565:512,59,213,170,198,753,1005,509,14,60
649:117,258,222,121,237,7,300,294,100,288
16:127,234,182,204,153,176,50,187,181,97
784:286,300,328,288,269,270,326,333,340,271
444:286,302,258,315,307,690,301,292,340,306
186:237,328,118,1028,222,282,121,405,326,161
555:258,1,294,300,313,222,288,121,257,237
135:100,200,127,288,258,182,64,9,174,475
242:286,292,300,312,304,242,328,301,322,332
502:300,258,271,748,294,307,326,751,678,270
806:172,209,195,173,474,238,64,208,191,135
46:302,258,269,270,288,340,315,300,292,303
121:286,285,50,276,306,269,127,242,237,272
427:326,690,307,344,292,270,312,329,322,887
63:275,285,269,475,7,268,302,258,124,93
258:258,328,326,307,333,288,302,315,322,272
810:300,307,302,315,270,258,332,316,690,271
747:435,194,684,657,480,514,430,659,238,200
484:22,117,168,28,196,216,237,161,144,742
459:118,237,282,258,328,405,597,471,288,111
274:1,121,222,181,294,7,276,257,126,127
203:258,300,237,100,294,313,1,7,257,121
318:286,313,318,155,660,153,527,97,274,238
572:275,100,50,258,313,269,285,302,237,127
720:269,313,303,311,340,690,305,292,270,347
343:318,193,200,173,132,98,479,747,651,181
87:117,195,144,265,69,96,168,181,227,237
623:174,172,1,98,194,202,173,318,168,195
641:483,480,474,357,482,514,179,50,603,98
757:181,121,79,168,117,234,385,100,1,69
181:300,237,117,258,288,294,118,125,50,1
840:509,511,194,527,709,134,427,211,504,168
634:288,7,276,258,282,591,127,255,126,257
922:172,95,195,210,168,204,181,121,176,393
505:28,50,318,294,79,69,181,204,258,196
44:98,56,176,7,79,210,28,234,127,89
588:393,22,50,172,949,196,465,423,125,420
353:258,302,300,328,307,326,272,269,294,690
918:213,488,509,137,285,14,462,694,610,52
856:313,328,302,50,269,333,288,326,310,301
848:208,211,168,428,153,183,175,435,792,181
386:288,181,121,258,50,294,257,7,118,1
529:300,313,690,340,302,748,879,538,272,292
263:511,28,480,520,483,496,205,479,135,178
925:258,333,100,7,313,307,127,286,271,56
408:313,258,300,307,269,286,328,333,271,690
836:127,50,100,286,515,480,98,483,194,511
511:307,326,328,332,288,331,313,270,300,690
80:9,127,286,318,302,285,98,124,197,50
398:174,511,204,202,98,133,136,195,659,89
891:117,15,125,111,275,300,294,1,118,405
35:328,307,322,326,313,690,258,332,271,333
750:313,302,258,300,315,272,307,333,690,288
401:86,64,427,699,98,79,213,50,1,132
160:475,7,238,93,919,42,98,12,13,654
197:751,195,227,271,79,229,181,748,310,96
322:98,180,100,56,187,64,183,480,302,357
415:50,313,127,515,272,357,181,98,286,318
583:98,50,174,56,127,168,172,135,318,173
804:429,491,96,172,523,168,222,258,597,636
354:275,14,137,462,269,221,318,487,224,514
827:258,313,300,302,50,288,286,328,333,181
464:286,313,100,272,310,181,275,328,315,270
663:268,127,258,273,340,307,237,327,302,294
805:214,546,201,53,4,156,154,11,92,217
479:50,515,89,135,96,98,300,79,11,520
673:302,258,272,100,300,316,347,127,690,307
520:302,313,258,275,300,285,50,272,301,304
831:258,286,302,127,300,269,315,268,328,515
89:275,9,111,286,276,258,257,248,124,285
915:269,258,316,272,270,303,307,310,690,305
391:127,98,56,185,654,211,651,483,197,223
28:183,98,200,185,181,443,96,172,205,447
167:496,498,427,511,499,507,519,483,604,495
590:242,9,302,116,508,129,93,269,340,283
705:121,172,405,22,204,125,1016,294,88,181
107:313,286,315,272,316,270,301,100,303,347
664:135,183,474,238,191,479,216,175,511,211
537:285,286,302,269,170,654,462,198,221,427
232:318,269,286,258,480,134,127,135,12,168
470:237,7,285,127,1,117,15,273,129,150
527:98,474,654,179,135,134,168,175,483,194
177:100,258,50,98,64,268,180,1,188,357
304:258,300,50,288,117,181,328,1,222,100
608:582,480,527,185,313,134,132,135,272,70
687:258,302,286,307,328,333,294,271,326,272
711:143,527,28,428,223,57,286,208,707,629
332:288,11,405,546,763,751,218,176,472,298
547:286,269,300,272,307,301,294,288,270,690
612:50,237,127,181,258,222,515,286,294,313
76:100,127,59,32,23,124,12,654,56,475
178:174,405,294,204,291,191,121,79,98,4
681:313,302,328,326,311,315,300,312,310,322
284:313,242,292,690,316,270,272,311,306,750
910:100,127,7,181,195,79,172,64,96,515
21:288,324,7,475,327,183,179,307,508,93
296:302,25,111,116,12,223,126,234,258,174
141:118,288,121,15,405,748,111,257,924,742
789:7,288,258,268,302,9,1,246,151,237
225:199,511,197,435,174,483,318,427,132,180
870:180,187,191,47,655,127,194,268,200,223
239:23,213,86,198,480,170,514,30,178,192
53:117,222,237,121,1,7,405,127,300,288
764:79,50,181,204,25,423,742,118,546,393
639:197,498,199,480,515,134,165,479,190,318
299:173,59,652,207,462,169,124,116,153,209
249:127,172,475,173,176,258,96,238,210,150
760:118,294,300,1028,322,121,328,117,280,405
303:172,367,11,313,7,89,217,187,246,79
5:168,195,175,210,202,176,4,68,154,144
255:260,358,123,250,240,7,475,11,895,156
601:56,7,1,98,238,288,173,175,209,432
738:168,210,22,211,100,191,194,12,127,79
551:22,895,697,66,628,636,425,271,367,68
772:300,333,286,690,310,288,270,748,292,751
364:288,313,258,307,302,340,326,333,328,327
26:258,286,268,7,294,237,1,117,333,257
313:523,429,496,222,510,28,230,357,528,185
348:125,282,815,597,866,405,300,678,148,284
433:100,127,269,515,285,9,275,124,318,475
863:270,326,292,340,332,887,311,258,879,305
67:763,288,118,147,148,597,410,1047,1028,282
115:100,98,23,182,150,187,64,129,181,183
376:50,127,7,1,275,9,286,258,174,318
436:56,232,318,655,959,866,402,219,241,77
109:405,98,68,118,168,546,24,742,568,173
207:1,180,216,172,132,427,423,50,22,272
42:174,393,79,423,97,451,739,588,66,265
139:302,340,286,285,242,292,324,313,311,262
91:205,272,526,300,199,180,604,315,510,310
217:195,174,227,385,121,172,183,550,210,181
125:181,210,204,1,208,83,153,228,732,588
152:402,88,699,732,451,216,476,25,318,95
819:302,269,242,285,313,311,262,14,258,100
185:275,286,100,50,124,127,269,1,14,98
441:258,50,181,300,313,288,237,127,222,100
556:480,483,357,100,318,98,269,56,180,23
480:514,199,134,197,98,515,127,480,603,483
599:125,1028,117,118,15,815,678,866,300,476
626:288,269,50,100,127,268,340,300,307,333
278:302,313,272,258,50,127,100,300,690,340
420:269,242,50,515,9,268,221,303,258,340
852:294,121,181,117,288,597,258,300,742,222
576:181,117,222,275,7,121,25,174,127,258
813:313,328,258,326,333,288,332,302,748,322
797:181,100,258,1,7,174,237,222,313,172
868:175,195,172,168,188,56,182,177,357,96
645:56,238,134,197,187,12,192,64,603,425
690:172,168,96,195,204,210,183,56,22,50
787:300,328,258,326,302,270,271,333,332,315
11:275,283,732,174,202,483,132,588,258,28
98:174,98,172,50,168,1,100,318,483,204
47:302,286,313,269,272,315,242,288,100,300
277:100,288,7,117,276,126,275,471,475,257
515:328,326,300,332,322,270,333,751,748,316
132:50,7,98,9,475,514,56,151,181,302
926:313,286,50,269,100,300,294,272,127,181
501:508,246,1012,298,24,763,1017,268,109,147
247:286,100,275,1,313,269,9,127,302,237
803:286,313,302,258,272,300,315,690,301,288
25:195,172,496,202,211,168,210,705,89,275
754:258,237,300,121,288,294,125,50,100,15
699:288,508,286,276,293,9,287,237,93,127
499:50,302,272,269,315,286,515,480,316,310
267:173,746,11,208,4,79,144,96,175,234
630:125,405,15,1028,258,282,147,181,25,257
742:7,258,9,181,276,286,275,285,257,117
508:98,56,179,173,12,211,64,89,135,208
350:127,183,357,56,180,135,100,474,134,511
889:50,22,238,187,209,175,83,135,12,4
429:168,64,9,657,83,100,98,792,111,187
727:50,195,168,181,210,258,385,222,117,230
895:50,258,313,286,237,300,127,117,7,222
84:50,275,1,9,127,181,515,294,174,313
642:68,1035,402,196,155,746,99,121,161,231
835:185,64,9,132,286,480,527,443,200,435
780:174,50,483,132,194,427,69,181,435,1
931:313,258,275,294,269,328,285,292,301,303
512:182,313,258,127,64,79,268,288,22,98
939:117,125,282,866,476,815,126,284,597,121
193:315,692,328,732,402,294,71,322,22,66
326:183,195,199,429,177,180,172,176,519,510
411:204,173,69,95,64,96,98,195,216,423
845:312,887,292,344,302,316,303,347,305,315
395:50,174,294,313,79,300,22,222,183,121
30:50,300,302,1,269,288,328,272,100,275
908:98,174,480,194,511,514,134,172,474,238
381:86,511,166,527,170,423,213,172,496,181
800:258,300,100,313,294,117,286,288,7,328
753:302,286,258,127,100,318,181,480,357,98
6:285,657,100,197,654,127,603,286,178,357
260:326,271,307,879,328,332,323,690,331,329
706:288,300,222,7,313,121,257,100,282,742
758:89,293,315,333,55,408,137,109,300,654
586:68,226,22,176,188,182,218,228,233,234
882:174,496,204,1,96,210,69,520,568,22
474:180,357,654,133,136,505,87,100,157,705
523:275,408,709,778,283,165,70,652,86,88
173:313,307,270,340,271,288,333,272,301,315
676:258,313,300,294,310,328,307,269,301,127
406:603,238,192,673,187,234,423,205,523,200
163:50,127,313,100,286,302,181,174,1,22
504:77,566,88,405,237,183,58,79,451,126
198:172,174,179,196,183,127,209,12,238,175
321:511,427,134,275,213,474,170,528,318,98
456:150,200,423,58,151,98,651,52,12,655
616:300,328,307,326,315,270,690,333,310,271
701:302,258,300,242,270,301,347,310,340,294
229:313,303,315,292,242,270,690,347,316,305
903:100,127,7,508,9,188,129,11,273,237
660:172,174,168,258,83,474,479,89,496,302
533:100,234,405,216,423,237,79,274,210,126
654:1,181,117,294,15,7,25,222,202,237
292:98,50,515,134,172,474,480,7,89,12
683:313,286,269,272,258,315,50,303,242,750
821:15,50,117,222,69,9,204,216,133,172
235:603,198,166,357,89,482,513,615,479,478
669:127,100,357,174,483,318,302,286,197,98
174:275,25,283,111,274,739,313,70,692,724
380:213,423,97,275,509,197,135,357,923,70
72:218,183,185,673,508,203,56,443,192,504
716:483,191,378,132,419,168,657,8,178,202
118:183,156,182,92,53,192,47,160,195,50
337:181,174,195,172,300,173,117,210,258,176
611:302,313,270,690,258,303,292,316,326,328
542:168,98,204,95,174,153,144,8,42,150
221:188,182,127,22,187,109,288,68,249,302
708:15,300,294,125,815,328,282,322,332,924
534:323,125,763,833,369,405,678,358,762,411
102:50,176,172,181,89,173,56,22,79,96
317:271,313,307,258,326,333,751,332,270,748
460:269,340,124,303,14,268,262,275,508,319
22:172,210,202,121,408,183,265,204,257,1
295:451,732,72,584,609,51,423,780,265,28
218:127,98,56,174,238,182,475,50,89,195
307:173,195,196,210,202,176,96,204,151,95
688:328,300,690,322,313,682,331,538,292,271
651:100,258,313,50,275,127,272,340,268,315
159:237,866,282,328,815,121,300,255,280,148
877:286,70,318,196,50,22,306,97,12,268
56:121,82,403,22,68,95,96,228,88,257
360:9,515,258,318,14,303,480,98,276,7
281:313,258,328,294,286,307,326,333,302,315
129:302,313,258,100,50,127,275,315,300,268
156:98,127,64,134,135,511,603,357,23,483
942:322,313,328,526,133,483,199,495,205,127
250:9,246,93,286,153,174,508,427,99,11
867:258,515,127,100,64,302,268,196,176,234
111:258,300,272,50,294,100,307,288,310,316
144:100,127,269,124,1,302,315,169,509,275
451:313,271,322,895,751,302,538,292,315,245
95:174,95,483,153,82,294,588,423,498,222
4:313,307,302,333,328,326,690,331,751,270
310:275,100,285,124,286,269,14,302,408,7
793:7,288,1,258,475,237,222,276,273,121
492:9,50,98,180,357,480,197,515,174,134
469:480,511,493,482,199,661,514,478,170,488
213:183,1,168,96,237,69,651,210,186,9
694:136,480,498,523,64,478,483,659,479,495
783:313,302,326,328,270,300,690,331,288,332
564:258,328,294,286,50,307,302,288,326,333
373:168,419,28,428,1,143,732,588,8,423
189:483,168,1,482,98,427,493,478,514,615
445:302,268,258,7,100,288,313,50,286,127
552:100,313,181,1,117,7,288,275,257,9
605:237,127,9,50,318,276,313,285,258,197
243:275,9,318,283,286,50,14,462,483,100
807:141,73,173,121,265,22,181,195,434,511
424:286,300,285,126,313,237,288,283,301,111
938:237,288,117,125,282,294,15,1,405,742
614:237,288,117,258,7,50,286,15,25,181
120:237,100,117,181,294,313,7,300,288,15
728:286,275,237,300,288,126,294,258,276,591
817:258,50,100,181,127,7,294,237,313,300
15:275,286,126,304,237,283,313,242,294,845
116:302,313,272,269,286,50,100,315,300,318
60:520,526,427,478,429,177,515,187,174,484
746:195,50,210,79,173,98,168,69,121,89
485:286,315,270,258,307,340,316,301,303,690
458:9,221,98,286,508,13,116,216,70,381
200:181,118,195,79,633,755,427,550,172,969
650:195,172,429,483,523,180,526,615,79,432
136:100,50,285,275,7,269,1,302,181,237
319:300,258,328,286,315,690,326,272,270,333
633:174,69,181,176,172,222,204,64,22,210
579:174,172,181,275,318,204,127,64,70,79
899:1,173,22,210,181,28,191,69,56,196
342:285,168,116,129,340,357,137,127,180,98
439:100,286,258,302,50,269,237,475,508,288
713:313,286,258,315,316,300,270,303,307,690
619:328,751,294,271,222,333,748,172,405,227
563:1,121,117,204,95,294,15,174,393,181
935:294,328,258,405,111,1,322,257,1028,288
378:1,65,202,50,367,69,402,95,216,418
823:655,12,69,1,209,208,202,70,95,210
180:88,172,168,174,208,210,50,70,421,154
921:95,117,300,121,1,88,125,71,204,393
841:328,307,326,690,294,332,879,751,292,288
48:197,135,127,199,318,474,435,479,515,134
657:100,286,258,50,302,313,127,7,268,276
855:170,86,514,213,511,14,137,59,190,509
919:1,268,288,50,7,302,475,56,237,255
723:50,181,1,172,100,127,7,56,22,195
794:100,124,302,286,303,129,7,408,93,515
573:98,100,357,286,515,318,483,197,180,603
264:100,408,174,137,89,195,154,475,12,474
528:172,98,127,195,79,96,183,64,483,318
839:288,100,7,302,508,276,258,340,25,313
148:181,496,204,173,211,153,98,432,195,95
409:135,134,462,175,197,515,509,198,190,430
516:302,100,258,127,313,269,318,98,272,9
272:174,100,318,64,182,180,168,603,427,135
629:318,79,100,12,28,11,7,237,313,216
