81:1093,636,1227,354,180,735,279,1264,172,725
399:656,270,386,534,234,1475,1115,647,1266,1379
890:1041,879,338,418,1495,369,1009,1483,16,276
385:457,714,753,1000,1013,463,385,1302,772,24
751:1073,348,146,403,520,1191,40,792,8,507
34:633,736,297,199,1492,93,132,84,944,322
194:134,278,1605,419,905,1243,1615,302,1063,1121
325:1265,274,380,388,924,44,764,636,31,331
414:382,1379,171,602,992,529,89,283,982,23
730:1053,933,1279,1046,1511,423,253,297,60,1599
560:204,1499,700,182,604,1462,153,1443,1392,77
886:422,311,790,125,1376,440,1045,114,922,843
355:41,1034,843,1180,755,68,1010,1483,1141,342
606:147,263,601,824,467,138,859,792,398,708
595:960,370,164,465,306,1512,219,1237,930,394
478:1617,228,727,1469,1142,898,707,403,886,358
489:454,515,534,856,607,646,335,1032,699,96
672:184,728,1072,1394,936,448,395,914,1090,744
402:966,379,407,763,63,1439,228,105,1600,1053
830:944,581,151,1547,236,1108,578,954,495,8
739:650,575,768,355,396,228,542,445,1028,84
392:1084,1280,757,40,1253,1104,1235,1106,480,1288
907:504,187,1391,421,1188,1485,1158,45,109,1115
648:156,716,1279,1478,686,1187,771,1033,140,1306
29:794,1425,604,953,750,61,1062,337,315,368
166:423,204,1009,798,289,350,33,847,1115,192
591:630,1519,739,1035,692,1604,1102,1223,485,1313
585:25,118,1504,1200,844,686,823,1448,462,4
530:1560,312,1473,890,352,790,997,1038,166,851
106:232,426,1110,34,359,116,163,1176,1478,1411
231:841,23,67,298,157,506,1007,682,701,1222
665:755,93,934,1347,1167,876,246,253,217,692
473:931,720,458,466,581,356,1026,1196,526,1216
170:99,166,1074,1243,259,798,795,195,1379,553
679:606,1147,1173,792,1599,717,833,761,847,639
526:273,899,311,1514,444,1081,8,213,327,952
684:662,1174,801,403,607,649,872,221,576,909
598:1243,158,707,638,893,999,34,823,1125,579
609:1025,793,525,348,1133,717,1506,1245,697,741
712:151,801,415,333,745,1225,1483,101,593,966
372:640,199,137,266,181,1589,1448,449,60,794
333:1604,44,1147,870,1138,196,1491,582,840,1529
615:245,1198,1010,75,678,589,1266,866,1317,1210
546:865,1140,745,793,429,966,1015,1084,1143,557
704:436,1293,1071,1177,7,1591,1585,1540,1271,1015
179:488,140,930,1064,1180,1664,1379,347,1591,635
285:1397,361,48,1109,382,1613,657,174,404,434
71:1541,446,559,1084,1389,1122,685,922,107,535
291:458,1238,1068,1002,804,659,224,1446,1560,906
880:74,1100,644,46,761,758,1015,912,1120,501
226:1208,249,131,1517,268,154,1514,1519,999,974
140:97,1066,1120,985,281,1173,468,373,1225,768
652:35,326,563,458,14,1617,1537,467,945,1518
873:1,1159,563,900,1207,291,489,157,805,63
101:1396,832,1131,881,1261,318,1026,1017,1628,1149
238:327,1368,603,554,98,87,370,1032,1060,565
52:735,575,627,1111,962,1386,241,728,1620,903
763:375,1497,24,868,1050,706,1132,1008,463,944
298:1277,1600,1090,269,1285,586,1112,1488,231,721
872:739,1458,138,1208,725,577,69,998,939,260
302:1355,636,500,399,810,891,1263,441,894,344
254:215,160,767,1297,855,915,247,1491,1285,593
748:692,473,549,645,170,210,467,586,206,1431
338:315,1058,273,345,482,647,203,681,1036,1163
541:109,188,967,1468,60,766,720,45,806,242
367:1074,1178,4,1038,463,221,1303,62,631,1014
582:790,1122,1113,657,158,185,1402,1020,1396,741
455:1145,1537,1629,1429,479,863,722,27,75,1199
282:703,1122,933,1405,997,329,808,13,807,1529
600:1592,951,719,747,495,851,476,1023,1065,1473
314:391,247,695,1674,1155,771,520,1160,1403,340
465:1073,308,44,551,334,1653,1245,276,431,1425
860:43,165,1506,1344,554,322,1211,839,921,237
112:804,51,183,506,1180,1054,1191,613,929,1628
432:603,75,502,525,171,631,1197,715,1018,947
698:1664,995,733,1227,81,1100,156,311,247,356
19:328,948,268,369,204,990,23,1370,336,88
377:304,169,94,244,1398,805,268,38,16,75
659:1199,435,1594,1116,1142,578,1097,918,1315,1261
59:652,816,633,1100,136,1431,629,1087,1403,205
495:667,248,1294,1218,1106,130,1158,1585,241,1558
637:736,1057,665,1139,137,519,1544,538,53,1651
43:663,1030,45,278,952,415,779,1133,1020,335
216:392,283,905,534,764,696,1264,127,933,924
309:35,959,234,1117,568,714,65,188,222,931
941:336,1072,577,149,1063,676,1541,308,673,895
124:1639,1159,95,1597,498,645,1006,391,163,321
153:407,1369,654,652,1066,1205,612,841,1529,82
876:1239,1051,739,279,474,355,585,1277,179,410
442:696,178,152,378,778,645,1021,579,1078,1395
184:695,1301,835,951,108,1178,351,571,1516,421
557:202,354,1302,747,337,500,1094,1650,513,1419
913:660,466,1293,572,1066,895,172,85,842,617
90:392,662,1427,1386,1498,522,63,1394,5,292
481:729,340,565,896,1026,1051,986,997,1067,1077
627:1358,849,1535,1116,1331,1375,124,454,286,919
204:656,78,687,1210,319,1646,1243,1391,130,639
729:1376,239,687,1211,116,193,774,516,1110,5
10:1198,568,67,1355,1002,354,683,237,1070,587
790:698,362,1554,798,329,1397,1143,210,356,1445
577:281,887,679,99,1043,1597,757,1265,83,304
812:504,1397,1209,1139,161,506,656,616,247,276
435:947,422,1067,620,929,688,1324,874,311,855
737:517,760,1646,409,20,1140,75,31,985,839
693:3,1168,655,847,583,1201,115,783,906,766
567:971,184,547,205,50,1228,410,924,325,1260
828:642,369,1084,637,862,517,1468,1229,230,704
786:1207,966,694,952,1014,289,620,1328,847,1491
276:1260,694,995,412,297,560,1093,46,51,1108
419:851,848,1617,1185,242,532,1401,586,340,255
133:180,228,718,1000,1512,824,874,58,1284,46
244:715,150,523,399,1053,80,98,1019,1077,1376
500:1294,1482,426,543,38,645,580,1047,1222,628
358:121,30,731,343,283,218,1227,975,1106,606
851:102,508,1046,649,1429,264,552,646,615,581
123:1058,369,375,931,1067,1296,668,1157,676,586
421:449,878,346,228,1168,378,1592,1503,696,1317
389:1228,682,1421,991,1517,1187,1176,1396,1161,616
755:171,1202,357,1304,628,256,591,413,1344,240
268:389,781,243,662,1018,488,312,1372,560,937
741:593,689,107,1402,1137,604,1157,150,543,316
620:1159,1085,986,157,1087,464,961,550,223,603
496:528,614,304,890,349,210,175,1370,311,1425
351:75,720,1003,544,4,924,972,391,122,518
570:1394,80,222,85,1289,1198,411,296,166,523
726:1396,221,1068,196,922,767,702,557,753,1130
345:1544,1280,259,950,1483,1002,737,1555,595,230
894:495,1153,209,1121,778,1211,1368,996,1295,1421
643:1631,183,1299,1415,846,1177,1041,853,740,126
85:999,444,80,290,326,467,961,1277,473,1196
932:1132,1249,1600,223,729,340,569,1239,638,87
834:1067,1214,36,1358,685,904,160,988,1051,1057
190:1428,1311,1050,23,506,243,1303,32,22,1089
513:481,1127,1269,845,81,11,234,305,307,1391
329:1600,528,364,1207,1183,942,624,836,1504,1089
846:848,1154,457,783,270,162,1046,842,232,204
410:319,980,101,328,1269,117,400,1368,528,991
734:1399,899,1056,583,1127,1385,742,1071,319,276
346:1183,958,102,859,1431,1553,560,1234,651,774
622:844,344,1391,768,1276,390,1615,1053,54,963
33:1199,1030,191,301,237,536,1505,1267,1469,1397
815:933,1188,1442,767,923,533,1129,34,706,264
261:851,137,210,1113,367,190,1127,406,485,486
581:1333,508,361,576,764,1643,1014,688,185,1293
883:1642,1041,505,473,363,1240,149,204,423,751
396:938,1120,810,1585,1544,1271,348,1497,475,553
359:376,386,1105,517,1470,71,32,295,1445,420
893:1158,921,1105,45,48,197,523,1662,1293,819
777:1243,392,882,457,484,207,1404,1401,1445,271
675:1038,256,29,967,1225,182,1498,461,1205,661
522:1204,503,1058,583,94,512,370,1078,1087,837
407:1174,266,1095,1039,1220,290,635,193,283,1052
518:221,1311,143,184,722,281,612,1342,1060,346
162:1130,313,914,720,1120,714,570,133,1299,601
199:766,1399,1518,24,1370,354,774,207,90,1056
320:388,1328,1357,1475,337,1385,1396,998,821,502
417:991,849,1599,1211,543,615,884,244,263,787
9:453,1044,96,1152,1535,617,92,1463,513,1368
826:1203,198,1545,546,54,1264,1078,277,1041,1148
902:1114,1003,801,667,1188,370,1139,713,622,951
661:379,931,1281,1585,106,888,653,980,358,1183
477:1194,150,116,7,82,239,1201,1238,125,853
773:1130,1090,737,499,1604,1646,549,1043,1036,340
680:809,271,764,1369,358,758,1004,1071,1541,1131
809:109,1467,321,917,548,1426,1269,1073,885,714
825:1639,34,1286,1434,411,398,631,564,18,1427
175:166,917,388,420,446,276,229,989,870,775
752:54,935,1005,441,181,1218,502,407,491,174
169:1097,1166,1201,1099,175,703,1372,122,662,1120
206:481,809,805,1427,1266,159,1141,739,1155,92
592:701,900,349,257,1368,1273,208,658,908,1178
334:602,493,323,499,1544,1107,1392,454,949,876
545:1159,279,163,1173,643,763,660,521,435,909
119:1060,253,914,460,1275,735,1529,1598,18,1023
222:632,672,793,138,348,1298,36,1173,1175,293
610:507,159,727,779,655,1183,827,873,600,1470
707:1505,43,1604,88,106,556,615,353,295,1020
105:1022,458,1001,651,1211,718,45,275,384,618
762:530,1055,177,1238,1059,518,521,1275,891,1016
535:227,698,831,464,1464,354,176,1389,1198,1591
524:977,108,384,561,158,1335,112,560,231,1086
234:354,1656,994,1157,110,468,1120,759,696,1495
461:475,43,398,25,708,1674,882,519,525,867
767:971,109,39,206,1088,1269,484,989,23,894
294:1419,1012,525,1664,758,134,1316,1158,914,1560
23:964,344,752,281,1426,811,267,25,754,262
306:112,613,491,883,369,270,511,1167,769,118
689:1375,945,831,1299,1405,130,295,88,479,816
717:1442,932,654,1428,1095,1368,1472,1203,1594,1238
363:7,488,600,111,714,1427,702,368,1050,758
655:217,1141,1249,1470,1504,473,832,847,1267,390
55:647,796,250,878,697,950,1009,1639,1342,657
820:838,479,516,913,1115,698,27,837,1126,259
286:482,558,899,486,769,523,107,493,338,877
253:1067,901,1357,1268,2,205,1599,1475,904,330
157:867,74,953,1133,499,956,1253,9,924,275
718:1435,580,235,357,1268,1031,1152,1167,655,978
864:1607,495,1030,704,946,10,1405,606,1500,323
68:494,833,402,335,1171,307,252,1139,600,1260
147:495,568,1656,34,35,1187,382,511,1438,571
768:444,1617,859,986,1205,81,763,1054,840,547
208:378,1193,873,1398,1488,570,1242,665,659,1594
94:311,1560,1491,184,1518,1516,189,586,147,1070
311:918,1598,1529,1130,945,985,889,1643,29,618
466:278,1195,1097,1225,463,1155,635,1216,111,301
658:1440,1202,1421,139,207,982,656,739,864,796
212:1118,194,1264,1438,654,1302,71,81,876,1344
128:301,27,641,973,1326,1394,749,580,147,1010
370:622,1216,1201,1445,1139,326,1228,629,736,969
782:947,615,454,63,1357,64,362,1656,815,763
879:183,316,194,1555,1100,728,381,1166,1128,229
446:1511,52,1157,1454,1496,973,81,114,799,614
188:25,781,423,308,698,741,728,482,91,428
553:1251,935,948,938,577,1268,171,93,432,923
450:577,617,667,381,344,1097,1388,543,1242,591
61:36,789,199,196,1197,657,451,200,1442,656
127:1141,255,274,837,1061,194,934,1231,834,712
425:1446,1112,306,1245,1395,1674,130,901,14,1166
635:1019,521,975,1071,683,410,182,459,462,1212
816:512,382,50,317,738,133,457,293,95,973
431:84,1110,211,3,397,142,856,331,560,941
14:727,799,1367,1459,157,956,1289,235,316,1297
117:1153,1529,49,274,435,1105,1225,1506,1267,971
486:141,1490,1026,651,373,1122,773,1316,974,928
93:1664,1048,319,468,321,300,60,725,331,1040
624:432,78,96,656,1505,318,386,549,1140,860
201:398,934,1242,1506,820,109,1355,1198,914,948
849:202,828,1267,1592,674,417,231,971,805,1016
137:731,1631,474,415,835,1200,557,82,301,1170
240:1047,227,930,585,1203,589,1515,208,835,1302
40:1079,472,167,1278,655,358,188,1044,522,1214
215:1347,1328,1645,1176,819,1323,1456,428,965,363
438:1109,120,1598,425,742,1293,369,39,1017,373
904:366,662,391,543,12,640,1159,1490,261,809
562:883,1396,1197,585,543,787,913,411,520,193
379:867,125,1316,780,491,519,525,60,979,564
183:637,4,1439,203,1208,301,229,100,1019,759
924:52,16,31,1042,660,1189,1419,801,76,297
558:764,1251,76,1482,759,813,161,688,638,580
2:1515,503,225,487,398,265,925,692,593,477
507:1560,366,1196,1043,1535,45,574,216,1185,552
744:1123,1428,494,409,188,694,1540,31,1107,1108
801:1312,1149,1435,692,1184,779,955,1598,912,551
49:828,918,336,178,794,1443,1534,640,988,318
854:1174,523,1073,1427,878,1419,831,575,658,366
13:1051,248,564,426,1404,758,1399,908,74,236
574:583,774,890,631,131,1067,601,1541,11,252
722:1313,212,1177,649,1133,472,948,1277,474,1228
341:245,1372,1,635,939,595,386,1342,1045,563
795:973,1050,295,407,293,492,113,841,45,360
898:126,229,963,1169,915,457,710,1000,1155,892
150:750,634,1258,210,136,812,21,1118,706,1068
936:149,849,997,891,208,627,433,808,1674,32
838:364,219,77,319,370,879,753,1123,320,1073
940:792,1589,558,337,92,612,780,1131,383,1184
271:553,952,1266,1367,57,710,1136,228,602,124
517:85,1127,319,446,514,158,312,1045,217,1
842:518,1473,856,680,690,376,552,729,1138,1108
130:794,48,1288,1388,456,100,916,505,838,799
920:1448,1428,1304,334,742,1070,54,401,1217,1458
897:186,739,395,798,1279,371,814,82,1052,284
37:323,1312,699,732,807,40,279,372,1260,450
82:1435,378,1203,571,1237,1631,729,634,1118,1434
569:1040,1413,520,584,689,78,285,1010,468,549
384:290,563,816,69,1653,494,926,187,93,58
448:704,1607,914,39,399,366,405,50,389,806
324:361,1504,101,247,262,1176,126,918,204,880
413:266,1091,589,811,905,1516,933,1617,1376,705
731:1599,45,1008,298,301,1462,1027,670,1047,290
356:198,525,1204,1394,974,77,1404,125,541,853
887:1358,1032,704,524,908,580,1106,1379,367,1152
74:169,360,1047,986,1091,256,116,26,1183,811
725:935,130,623,637,1167,178,1159,1174,1615,18
917:1300,637,117,1524,884,1021,1028,568,505,238
749:741,1031,311,251,219,1514,27,447,333,10
671:1519,1299,649,465,395,1553,199,481,1078,251
833:120,958,1261,751,1622,847,1295,1338,469,1391
403:419,1496,693,152,379,1519,1646,188,776,206
195:1172,232,710,1189,884,692,759,121,605,1119
17:1051,202,305,461,331,1077,487,1501,29,1138
393:1102,1110,192,614,750,1234,335,915,1123,827
538:462,1512,629,700,276,278,765,547,706,955
906:450,1170,1377,1375,1142,1098,1485,995,785,39
149:983,43,1328,818,831,792,521,1216,1472,518
383:661,1069,1411,760,1184,1219,703,1449,451,839
165:691,1516,1555,1467,1121,717,1077,307,1060,560
596:46,662,1501,1482,587,406,1090,1147,1210,1653
628:1123,685,555,207,766,899,1074,299,610,1137
603:1197,612,1169,1007,771,972,53,1135,697,722
584:681,1211,1045,569,579,53,1301,115,63,263
604:1127,876,1650,185,498,575,699,1122,642,540
666:807,634,1282,1244,432,61,1153,1061,994,526
531:1400,621,1051,495,1519,546,1294,149,1253,1161
230:559,893,653,1639,1544,126,759,1279,548,690
472:1454,487,951,1098,1406,1405,675,813,417,1114
525:908,1211,1234,1153,542,1194,868,1355,755,400
171:1662,186,1001,238,724,1158,395,1040,496,1108
678:1192,488,317,959,1297,996,841,280,333,1385
79:1069,418,1531,772,405,565,867,929,1604,975
404:1413,1242,1368,1103,281,293,1185,1027,155,547
8:1253,1193,737,988,577,119,1500,1268,593,612
771:384,701,1073,918,1084,348,390,869,1131,138
330:971,1134,54,929,1149,1199,769,1273,4,506
549:936,1189,1216,167,943,679,765,228,158,689
39:1442,547,518,539,757,111,917,267,239,98
703:399,1604,616,611,853,889,208,239,960,531
901:176,1114,636,609,1147,89,1391,1217,227,1240
70:789,1108,1006,635,1295,4,383,1223,618,1650
290:1222,528,352,333,1462,94,937,544,480,1244
51:443,1324,680,1066,735,227,1264,966,535,761
100:589,1517,1160,977,1153,1403,53,1099,6,1074
237:674,270,552,1643,559,1585,662,1467,1269,1367
916:1459,800,521,1105,301,626,129,607,622,986
301:1284,610,1195,1389,43,385,406,946,699,351
885:730,763,327,1491,201,279,1053,1199,1355,569
257:342,1180,916,939,1438,730,743,429,495,1027
714:629,1069,313,938,751,905,1286,482,1114,119
339:991,443,1177,57,1483,1370,389,1658,456,1278
143:759,472,393,451,520,159,715,507,436,440
540:299,1065,360,1372,496,344,259,1535,1149,155
227:182,956,1396,1326,1184,1397,1415,354,413,1040
454:1388,1258,1161,665,521,940,1305,563,111,1127
778:793,1415,645,1555,201,1108,1468,1227,908,1629
283:623,1483,507,302,642,919,223,802,918,115
315:518,916,160,1260,1129,348,607,477,533,367
462:393,883,569,680,855,1034,256,769,330,14
934:872,81,1112,985,1117,77,1029,387,1285,656
24:1097,612,828,221,400,63,716,564,1312,1370
113:1130,641,1496,148,1262,9,779,772,705,1171
228:187,614,136,182,1240,315,80,1086,1478,358
374:814,687,1338,1519,58,1298,834,1135,609,300
875:193,324,936,97,247,1109,1280,491,281,196
491:718,687,1273,1192,416,24,668,812,394,744
506:207,990,759,270,1300,815,1113,616,1426,124
58:1505,405,143,204,1014,467,972,478,312,1055
366:1095,132,51,1015,1516,875,887,638,650,631
636:685,673,694,675,165,407,547,84,304,1599
211:737,75,1205,220,252,793,237,420,30,31
829:1032,1144,1396,1095,851,1139,140,741,916,1065
859:795,1379,805,880,831,184,1389,533,299,457
308:1298,1098,865,1316,167,416,497,1419,1518,1304
18:563,128,217,1065,460,756,820,274,1277,1044
653:1204,347,1125,1467,998,1636,330,1469,86,914
798:761,519,834,877,565,862,1044,193,1471,212
65:132,499,721,449,1104,22,506,1199,13,903
861:395,1451,1036,133,1234,551,1069,925,1346,963
554:846,1281,538,225,491,1342,795,396,773,1054
929:794,102,1207,72,280,278,79,1078,609,342
369:1306,771,188,387,348,824,301,1029,1398,62
788:881,1047,472,724,899,586,351,1263,927,1443
482:221,1540,8,715,368,1163,1114,577,1018,550
453:619,194,1089,1027,1506,1221,572,147,230,1105
288:220,83,800,1221,454,634,1605,289,493,908
205:798,722,240,91,392,1328,1501,655,1087,1204
97:701,869,991,945,1075,1631,1248,647,568,967
494:95,894,925,752,692,145,589,823,806,937
811:1147,1400,112,646,815,1142,150,391,211,998
791:49,260,796,1518,1099,712,454,779,978,487
434:918,900,660,1636,1315,229,177,365,491,138
692:1377,1475,112,1485,943,630,895,309,20,560
785:435,34,77,343,1134,1402,97,166,992,748
566:266,1377,1072,798,189,683,1498,936,26,821
700:1231,895,1285,1046,287,129,554,414,533,140
187:1262,172,687,460,1032,342,1138,523,249,895
45:151,1201,1171,202,335,1091,972,502,1302,56
733:553,223,1639,1216,906,1115,946,1227,973,648
134:602,464,42,583,269,321,1253,246,756,675
418:313,763,427,330,593,1554,34,294,597,1102
503:29,1421,300,157,162,843,934,126,296,85
808:1134,1240,922,891,505,1207,310,714,1137,824
245:1095,225,74,1454,106,542,2,209,176,725
62:1055,846,471,1051,49,1335,557,1066,533,1205
426:802,580,846,1631,1089,850,905,1144,1068,1537
850:430,1132,652,407,716,1240,414,146,83,194
122:490,1207,242,585,1014,486,526,919,1298,1651
259:721,755,811,264,1,443,149,1012,997,952
824:234,1429,1115,106,1475,1245,179,543,798,1394
269:1442,918,1269,1179,1415,124,1296,586,1413,1160
740:1052,568,262,441,1499,191,870,70,162,1243
275:810,946,190,1175,628,1389,110,361,553,348
621:36,1258,884,789,995,375,933,275,640,905
202:912,832,894,176,340,879,363,1109,846,583
721:14,929,744,368,1169,886,289,336,1405,96
571:466,1085,37,1260,217,1263,509,721,970,1239
344:834,292,1504,415,380,1007,775,156,490,849
640:1072,397,900,1456,633,419,1094,1143,62,1264
1:1267,1399,1518,1154,388,464,1379,972,603,883
756:470,151,1357,137,1158,494,378,884,1469,812
912:997,1469,1463,1139,581,520,809,959,1221,434
388:1280,971,1464,926,798,318,58,248,1100,1442
510:1597,1645,329,354,1183,947,337,1120,333,417
191:665,809,1459,944,1025,1402,1397,1190,1233,1631
328:14,1229,623,804,1193,983,254,634,27,556
923:234,1084,1196,953,61,1174,903,493,1009,1425
847:752,93,966,481,116,1128,1527,1071,465,22
589:1144,428,178,1091,766,1615,717,896,430,1058
735:569,1016,458,284,887,596,612,415,1117,48
352:416,1434,1100,265,391,868,734,1458,553,844
509:613,53,1592,1140,304,1114,237,461,596,1196
387:484,867,1451,1524,878,395,1297,766,1168,146
262:1662,458,1356,355,717,1239,1431,928,1035,267
837:780,955,317,1202,316,382,423,367,224,847
933:1388,333,1114,416,8,58,1012,75,225,1072
580:381,1223,1454,601,1462,643,1215,1094,1392,412
884:614,942,1009,383,30,523,1276,729,1431,347
32:1516,727,1174,702,700,625,1060,1216,496,1071
397:1253,547,1206,473,1592,564,859,201,653,626
892:984,752,434,340,999,1443,681,970,236,506
428:1195,553,1645,75,246,10,232,570,550,690
161:1179,870,1024,733,613,1011,1152,420,490,1295
196:161,569,687,15,904,748,780,744,1112,1100
519:819,274,448,967,1174,1496,908,13,1028,233
323:801,272,254,1326,153,154,481,1080,1499,964
497:1139,796,1003,1185,1000,892,1187,702,577,1235
416:734,426,1415,418,1560,489,1323,445,1158,14
732:337,529,570,64,78,1331,133,4,490,1167
905:195,128,399,631,226,1201,1048,724,131,292
662:1288,70,315,19,1174,1298,1394,828,970,391
476:695,128,1394,995,937,643,517,1301,889,1459
521:821,528,210,556,589,549,276,327,1189,400
674:59,1466,34,187,288,1123,422,757,158,300
911:183,1403,86,415,735,139,1078,1598,1597,1069
88:1501,1591,1202,11,697,1221,999,22,1604,254
390:896,374,410,867,72,1435,1607,1428,87,323
176:178,882,585,1102,950,1401,393,862,1196,1003
168:535,1068,603,924,1515,950,8,450,698,223
593:522,900,914,450,985,262,1385,404,290,774
613:1219,1026,551,1449,1381,1547,49,973,325,1057
223:1187,1397,408,77,521,1403,1312,611,543,1357
776:1397,676,534,862,128,489,1501,1434,516,871
536:977,18,48,1333,1188,1,1070,1088,654,585
104:73,267,649,944,1204,837,147,776,123,1127
233:1144,605,1323,1426,494,1415,291,982,1313,707
471:1369,966,638,880,1598,1266,779,1110,687,386
297:939,1038,1628,627,1,806,961,234,415,1245
766:900,165,1135,469,503,267,1331,1451,1263,813
305:132,647,636,678,900,1209,982,630,757,1294
686:40,1204,1449,1091,683,1038,1419,495,215,139
697:409,146,842,28,297,1106,1335,640,144,1016
710:326,1473,1079,384,1388,211,1105,1192,967,1478
7:887,918,1289,252,958,742,1541,1500,1002,1446
335:289,945,1431,586,781,948,126,620,1027,789
362:1054,227,35,947,489,755,99,695,145,989
774:1496,941,962,1158,963,1495,1434,1078,357,96
928:913,1005,1028,495,848,124,742,336,1219,1078
287:804,322,307,413,1317,851,983,260,383,552
20:381,425,739,1172,262,446,373,1517,129,694
27:294,1598,224,1312,552,397,1180,487,1169,845
77:820,280,1396,39,851,139,712,229,932,811
719:161,1044,364,1498,576,149,768,1046,1594,722
865:953,1306,1591,82,1038,91,1511,418,593,850
224:818,1191,972,1216,1055,977,555,534,501,1482
146:566,1474,855,1511,1145,885,529,131,919,940
54:204,1009,1263,1306,185,664,1228,654,229,1369
871:1033,241,780,837,548,1446,821,130,1215,1269
818:1517,818,930,254,1093,696,756,1300,355,1267
312:512,577,126,73,546,95,1645,375,237,1114
248:44,342,1114,206,703,678,765,1249,60,955
467:1024,144,361,1449,217,725,625,1070,1645,1119
761:1534,1267,1142,419,389,614,1135,1225,412,37
69:286,863,923,837,1173,300,894,1207,676,854
638:1060,1000,792,609,708,236,837,336,196,25
154:374,270,801,75,239,689,814,1178,231,837
252:1011,1278,1542,674,1499,680,1286,1168,702,488
878:574,989,144,353,1117,1469,590,760,1347,1277
447:538,340,172,275,300,168,1251,766,21,219
550:211,1192,962,283,756,865,885,1316,1589,1171
365:1094,242,261,1464,926,211,1176,112,119,257
457:684,257,1086,177,212,1478,481,1426,17,1050
775:971,1121,634,29,605,1152,963,1088,378,1296
209:704,15,222,468,683,417,1106,3,230,232
126:459,849,1311,707,1299,223,117,1233,668,236
349:1219,950,1158,1043,243,269,452,704,649,1357
66:521,632,192,1152,1481,303,667,143,829,1185
862:122,1462,392,310,883,1032,692,391,688,806
114:254,1245,200,1451,244,1126,1303,514,454,476
430:146,99,569,663,446,798,1073,1075,1091,595
696:718,1185,172,188,216,673,48,1338,824,1298
781:320,1286,1007,1448,12,1095,283,96,305,108
371:249,51,365,480,678,1204,522,1068,992,143
279:1244,254,127,457,318,1301,93,1061,704,1249
625:363,112,1488,49,19,433,1278,1152,1547,1398
92:967,232,233,833,690,755,241,74,1674,765
498:1315,1418,894,1184,1454,699,596,409,1251,227
138:1469,1126,854,38,1106,130,1514,961,991,71
241:189,884,15,1066,621,904,771,1245,262,47
214:260,495,333,558,396,376,492,715,831,1084
41:475,939,187,239,1260,900,948,971,869,1439
632:842,898,1462,493,652,1235,1124,1062,836,1075
561:450,63,1094,583,1088,774,977,1418,767,1612
769:408,813,1117,801,964,303,474,1253,21,132
440:678,505,106,842,1303,873,43,1176,1167,1342
182:1040,119,607,840,1279,361,792,575,211,28
559:1051,175,770,162,1217,301,927,209,1642,1392
487:1122,151,730,960,1283,608,38,1219,703,26
802:215,288,251,1289,1620,380,706,263,701,349
853:789,1642,814,759,236,2,102,1282,202,715
423:1032,329,1537,859,946,778,28,441,1474,824
647:265,1317,278,729,1237,126,973,398,1375,1535
796:101,859,731,1009,1326,310,687,1153,634,481
575:731,664,328,1534,1084,831,813,409,703,404
12:23,389,741,1143,1161,947,1112,232,581,1449
340:1034,652,1161,62,525,752,233,489,1427,370
644:20,1258,753,1471,1054,1273,1283,16,1245,972
691:1622,500,875,131,997,1128,464,1206,1056,687
488:583,1120,420,1148,604,418,1196,673,1541,929
937:1299,643,1026,1225,628,34,115,828,1166,1234
514:502,1358,1242,435,1313,967,469,118,1402,1174
270:642,790,1167,382,1116,337,569,1121,148,111
814:1039,520,364,944,652,255,47,733,839,31
927:901,854,898,1517,1229,1409,1113,145,889,198
843:1293,693,117,603,835,838,41,1024,192,472
131:154,1044,1326,343,625,176,136,1279,826,672
246:72,1187,771,118,242,1386,69,1376,360,878
99:1449,479,850,1031,1147,694,641,1276,91,412
896:1342,295,1009,1249,292,1016,744,15,881,445
36:332,496,1159,335,792,752,16,1185,924,255
568:1377,244,1438,398,1266,706,1212,102,1481,1353
869:1202,1127,496,704,27,488,984,340,175,719
266:1617,151,997,346,255,1015,466,107,984,149
449:879,91,122,341,330,1443,344,873,1055,292
743:1201,44,112,266,779,1238,432,1454,721,972
412:141,613,925,35,541,515,522,30,954,435
736:952,240,1218,153,1262,53,1413,682,1249,1285
770:31,880,1471,1234,768,49,74,870,1438,1446
888:1228,886,741,865,1306,551,1123,569,1260,516
357:1289,478,214,1019,1443,1033,11,1116,1285,229
83:1226,1342,827,1100,807,1409,291,1445,447,583
724:660,1286,1123,550,273,997,1604,805,1421,87
347:173,1471,1133,1030,649,1305,454,772,908,46
670:959,829,632,663,193,1342,985,329,1281,1252
930:163,821,630,250,195,155,291,214,219,124
832:483,90,574,256,218,393,500,561,331,43
745:1488,418,114,223,398,607,1643,51,797,1024
192:57,490,540,1222,187,570,316,4,1613,663
327:1643,1203,338,882,7,352,36,430,681,529
844:854,875,1205,923,475,610,1377,709,127,757
31:1500,1431,1030,196,1196,522,582,1222,1413,1000
394:277,425,801,230,748,1178,1381,459,1483,476
909:248,1516,1235,1237,1099,1028,1039,616,295,373
539:1007,818,698,549,305,1418,56,1344,1519,681
382:302,685,1473,1013,205,963,344,607,566,1475
597:460,641,925,35,1620,22,1524,397,431,1276
64:1516,1468,608,1006,21,689,1191,1012,1070,615
587:1463,236,653,494,1041,154,1317,889,1316,335
881:311,1231,562,828,785,1421,296,411,1293,27
607:582,1391,27,1060,441,741,894,880,627,1090
475:1145,1214,312,1302,1166,949,993,571,684,94
172:330,1050,704,983,252,99,284,1540,317,1217
677:732,1282,1464,178,941,752,680,558,217,1006
75:1368,1279,1623,918,1129,974,1535,388,484,1474
405:102,441,904,1176,636,637,111,1397,725,541
78:531,349,459,768,728,1029,1174,218,325,160
164:546,1171,1295,1036,646,288,463,1499,531,1293
331:1503,828,165,201,675,392,215,789,382,1545
617:376,1149,173,562,6,1169,1185,126,265,228
422:617,1444,955,462,502,476,712,993,557,270
3:1234,1127,242,1279,1054,652,441,299,502,654
702:808,1010,509,19,78,686,712,321,94,934
38:1229,603,1495,1094,687,337,1107,1023,915,154
532:1053,403,668,718,1217,1026,374,1464,1347,604
900:238,420,1245,309,692,874,963,509,896,1468
667:1469,834,773,1019,640,351,44,1496,264,1107
293:674,810,790,1214,134,452,628,419,805,74
765:781,143,1031,145,1153,733,1046,481,636,2
682:259,700,606,1029,20,1622,405,417,1166,1268
103:455,1485,1403,192,177,1316,714,815,716,1052
668:1542,344,554,121,760,1033,7,91,217,921
50:1134,417,234,28,956,62,413,886,700,1208
236:821,847,868,1280,526,694,184,792,574,334
594:1221,1235,1389,877,516,495,225,841,538,1356
73:1263,918,341,848,1600,381,901,162,636,369
602:171,742,621,896,295,885,893,680,1443,886
158:561,451,157,820,1475,484,1044,1168,66,464
256:673,689,369,166,440,1613,450,1132,8,1203
715:118,989,336,450,1127,265,1511,532,453,796
336:1396,705,196,1492,673,463,1283,761,763,1467
543:985,773,1202,294,807,184,783,1367,892,139
220:1063,1444,1505,1598,204,1066,329,230,91,761
142:543,1117,1084,458,129,1468,178,1402,1170,942
709:998,1404,1645,853,912,590,196,616,260,1311
280:1013,1514,1544,1093,656,1592,1266,1519,55,399
779:835,921,1232,808,1499,767,189,601,636,1088
316:1179,1073,1014,866,885,1118,835,144,510,203
265:1267,1200,186,876,231,690,808,1029,440,633
463:317,35,1129,182,316,966,1505,629,1007,867
219:1529,521,1459,502,467,864,515,180,873,773
300:772,834,826,1399,1342,952,1534,502,102,778
57:1537,1160,243,66,714,116,1597,1490,1159,873
375:534,705,24,644,88,1154,697,1234,843,157
874:646,295,1338,1214,307,867,611,409,1317,179
759:361,425,556,321,1220,1244,756,773,661,939
361:233,1278,227,950,539,1317,1069,900,725,930
914:645,115,1187,76,277,826,1540,654,409,876
210:718,1075,503,1006,813,623,88,477,460,1338
858:93,1482,359,606,561,1547,370,616,819,1089
943:586,933,756,960,706,354,434,260,372,529
251:1152,670,1093,188,166,388,1226,1234,831,931
151:350,1262,1055,386,319,158,1439,1472,790,823
799:86,1059,501,918,502,832,1478,379,678,756
866:931,1120,3,775,206,1048,541,785,693,952
110:323,120,1651,699,560,445,261,1113,249,1226
145:1301,381,57,1381,290,461,1228,878,1512,140
618:878,984,1132,824,1202,464,1214,1377,63,1527
368:1098,988,565,1043,1005,511,687,1622,1342,395
483:588,369,404,1245,196,866,69,1554,392,1066
452:535,746,1049,713,723,512,550,107,166,1517
493:601,896,1353,300,660,564,1113,871,1282,1120
468:763,242,1607,1478,827,430,79,701,832,238
96:492,996,1130,1191,1471,521,539,925,116,849
548:860,267,419,780,233,44,275,398,1012,1456
437:163,1474,1398,1002,551,515,1175,518,481,721
695:905,518,572,1293,252,413,8,1285,919,294
565:53,1085,1217,1607,811,564,807,694,650,401
649:1355,1053,310,417,687,1061,386,576,814,49
16:555,220,892,958,1402,771,1485,568,1342,1086
784:1285,1501,481,1045,239,1072,179,45,1154,1222
444:1033,1235,162,1218,865,472,590,522,1175,1167
186:567,1150,846,1022,311,1265,495,383,222,394
555:891,430,43,58,237,1212,877,536,339,977
135:634,762,229,139,483,514,1594,718,1194,372
242:1446,360,99,1214,623,453,541,91,567,614
502:490,257,1500,1613,704,346,1267,745,416,388
806:1356,355,1288,2,264,919,827,1402,1454,631
46:1061,297,876,1238,1019,1600,768,1496,1370,128
121:636,343,1075,1201,891,162,1239,815,1473,812
427:345,1598,296,1466,1065,298,617,948,799,1047
63:1168,1037,135,289,272,870,1547,454,1136,563
258:1121,1615,101,689,185,180,165,1125,1129,1298
810:1118,284,680,1128,954,845,746,1212,1316,354
747:371,977,406,1077,1105,322,685,983,609,976
484:608,244,208,1009,542,571,406,1542,491,543
459:1368,1002,1524,1078,779,1069,106,236,446,894
274:206,1607,474,560,1052,201,76,372,996,1110
203:648,1554,59,32,617,227,877,1234,1015,1039
318:605,530,835,1560,641,716,1147,906,79,1038
572:719,696,1315,674,892,432,908,1650,155,827
720:837,838,1300,744,617,1232,1101,883,17,778
343:832,383,651,729,965,772,728,165,737,1046
87:560,380,1020,680,78,1367,446,1122,1598,1019
623:1466,1411,1221,160,375,32,452,770,504,164
641:668,460,834,400,1112,25,1212,472,342,1405
757:1148,685,467,551,1029,132,951,832,664,720
181:120,1439,1656,546,375,175,655,1053,188,474
840:801,759,1206,410,35,1219,86,1047,985,821
634:300,95,1127,1405,740,746,1175,75,521,1017
922:955,337,1161,1316,39,121,692,775,463,738
505:848,512,1481,1369,389,1591,592,1155,1150,1148
44:833,1288,313,441,1094,531,596,1199,34,554
588:710,1226,18,611,26,1448,1045,96,1467,580
353:626,692,1048,1,687,1241,652,480,733,614
918:288,13,844,571,1268,533,458,963,312,572
856:824,130,405,425,440,404,929,1176,1102,1519
848:49,1547,323,872,233,596,1458,327,1158,348
386:1474,735,1193,538,1223,101,633,550,1438,1054
529:305,159,1129,300,801,413,748,1019,1093,1326
263:1499,873,1613,1079,1200,753,218,1209,257,715
925:1144,923,1286,1279,109,153,611,371,326,1062
408:338,154,1344,919,388,1228,1446,604,552,42
836:1179,406,639,43,588,1112,752,747,704,524
511:1388,116,140,505,1495,1015,444,562,1116,1222
80:708,1090,707,155,850,682,554,523,994,219
398:991,1658,1161,823,337,595,886,976,156,291
891:929,618,391,909,933,1448,379,1355,193,37
35:560,184,316,1326,390,178,1173,58,375,444
750:498,358,501,695,819,826,944,978,1473,1323
401:364,285,501,165,984,286,145,696,39,80
160:823,1200,309,1260,1161,19,680,1541,1135,573
197:1069,713,1516,1160,997,1048,448,463,1169,1426
322:453,890,551,664,812,877,280,467,588,1195
415:1267,326,380,328,256,1027,304,1020,1029,43
583:704,421,569,940,11,887,1014,867,500,707
804:1483,430,1512,553,1294,167,1101,942,1132,1117
354:1190,716,33,40,1018,183,871,445,581,66
827:184,883,1187,627,1061,952,998,430,119,1375
464:1120,996,1268,32,693,949,527,1172,562,310
663:511,886,349,655,696,1101,913,799,427,227
805:1032,257,1370,853,1356,649,1514,379,691,388
479:554,322,108,419,1214,1128,572,326,801,1413
673:1458,237,1122,827,1051,692,234,455,1388,804
520:1467,225,569,1176,319,989,66,1244,1123,183
831:896,764,825,1227,973,1043,416,1473,35,448
89:1463,842,1205,306,722,483,335,1305,1372,579
915:1511,1642,414,1288,921,1001,23,1028,723,139
391:361,162,484,525,239,593,715,299,38,1265
28:1353,1086,108,847,850,365,1435,588,466,388
167:242,651,1531,1394,135,230,585,390,1135,284
590:1100,649,944,1128,1599,616,586,211,113,1081
705:348,454,732,977,854,898,1353,165,746,528
107:1033,1113,1097,1662,785,398,525,799,226,555
664:1594,946,1075,660,1451,823,1305,323,840,657
537:1499,798,1248,903,245,1218,1022,464,1197,720
232:1415,587,317,552,1516,1519,351,906,548,440
470:750,342,1158,1107,1233,664,1115,485,354,23
527:528,1409,683,1554,531,1027,944,902,1276,745
177:231,762,246,167,639,1357,675,224,864,604
304:597,405,185,107,1558,446,673,142,909,571
608:90,991,155,1413,1184,1107,154,928,555,1195
687:258,1288,301,964,420,470,930,257,824,412
711:1435,608,256,373,189,561,869,596,73,101
332:1099,1037,801,553,548,713,893,1065,1470,270
547:1323,1223,928,1013,306,1141,752,826,518,134
612:317,770,166,1440,581,1001,1597,326,149,380
76:247,1010,1148,1153,489,582,799,242,967,1074
178:1501,78,1620,798,807,1155,372,1535,922,1064
681:946,1353,351,497,808,646,135,1193,1503,165
284:1400,683,1386,34,161,661,860,827,1041,1439
910:31,932,1066,260,425,1434,903,519,663,1260
21:1379,905,1346,1293,1001,221,210,775,35,1100
296:1035,1653,878,935,426,1501,1495,752,1298,311
141:913,797,1206,137,1193,167,841,976,752,1646
789:635,855,1057,915,488,5,1200,278,1491,1217
225:319,888,175,821,924,188,305,1311,846,1395
870:1143,1231,1446,1358,1154,268,1501,1604,1097,1177
239:975,544,206,674,523,534,929,1464,958,1047
53:458,741,657,597,1404,1106,21,166,102,1376
764:1215,632,112,1073,230,138,1047,575,1281,252
639:679,1463,1529,1306,658,1429,800,750,617,1650
299:1346,604,731,776,269,467,703,264,1093,1405
249:882,704,238,1448,225,847,527,537,288,141
760:99,1192,124,1132,361,1558,77,799,216,217
303:664,1097,291,1448,133,1012,989,719,1517,1013
5:199,225,779,1004,1212,221,720,214,177,1204
255:1313,253,412,619,1227,1072,1440,1050,855,1253
601:1212,1026,548,887,1293,683,1198,768,1294,1288
738:257,992,806,155,1519,917,25,374,681,892
551:1158,78,73,734,434,409,1535,414,1411,579
772:468,1204,329,1235,269,1604,381,1607,199,1219
364:1208,184,988,1558,474,1311,324,332,1473,959
26:143,1503,1066,1024,606,1018,1132,630,56,1117
313:638,708,324,906,1013,261,367,1099,1495,399
348:974,1347,994,69,560,29,1166,200,236,1435
433:480,687,1428,580,1617,278,471,1674,671,245
863:468,997,460,1251,798,530,1104,384,477,1324
67:849,814,1117,710,256,958,1527,955,824,748
115:589,1664,1446,106,1129,456,213,1048,541,741
376:710,771,842,1235,769,894,980,1117,262,934
436:362,268,1469,115,45,1467,1078,1106,465,554
109:1472,389,863,334,212,1467,887,998,626,844
207:554,1004,734,1141,1061,552,492,65,789,1537
42:611,979,287,366,139,1232,757,174,1120,554
139:942,1282,685,891,808,956,1071,929,865,359
91:245,1195,672,356,430,898,851,813,481,1482
217:1273,358,335,1227,346,917,927,824,1388,513
125:762,29,1205,316,912,119,961,1394,867,536
152:546,361,901,1054,886,87,167,1500,839,800
819:1051,678,615,479,75,1140,681,608,203,170
185:130,222,391,91,821,1231,385,597,749,1599
441:451,453,993,814,1496,312,1589,619,212,1173
556:1198,903,1194,699,363,1036,231,922,129,417
480:1335,359,539,1203,313,660,1169,712,1140,770
599:382,1011,161,265,451,565,203,481,898,155
626:1469,391,1154,1589,6,225,34,683,483,1116
278:932,1534,1163,296,950,762,1006,631,1248,721
420:250,1517,930,375,1317,165,936,890,1037,386
852:307,1273,1198,613,1126,831,182,274,125,797
576:1468,275,85,462,593,556,82,650,851,131
813:434,54,347,556,423,172,1040,921,878,1653
797:384,1271,168,353,242,367,1475,1347,728,139
868:828,575,1036,355,152,1078,521,147,239,192
645:487,392,1015,1650,573,1134,770,564,388,1180
690:1053,630,236,389,533,1091,1674,417,478,316
787:632,899,125,1355,343,22,694,378,610,908
11:1059,132,904,1464,1674,4,1206,1093,909,150
98:40,919,1482,131,1167,1184,627,1210,999,948
47:1073,33,965,324,761,808,28,61,1025,1064
277:874,120,378,896,1483,880,394,62,1356,763
515:283,835,629,1277,708,1656,36,1228,1591,924
132:316,193,699,450,1216,317,170,231,1501,180
926:690,121,259,1101,1379,152,1227,484,637,289
501:309,778,112,115,51,465,974,184,947,945
247:134,45,427,776,1527,1118,995,1377,6,379
803:125,1242,792,1592,91,1125,575,943,1069,82
25:621,1142,252,70,610,838,1098,6,1515,1474
754:188,1006,473,518,222,125,660,194,218,881
699:508,753,1148,1326,750,69,597,992,1005,461
499:834,873,801,1157,680,408,1028,1462,929,1435
267:881,116,75,764,415,324,534,440,1505,383
630:199,1060,223,23,334,1075,978,904,917,40
742:790,362,1029,128,436,1377,706,1190,1592,94
508:1375,299,427,1355,1492,659,240,752,25,799
350:944,945,146,241,361,818,764,142,199,824
889:529,1228,638,1472,755,1046,563,443,1585,1204
429:1602,326,89,802,1333,834,993,886,624,1537
727:1491,1440,1519,391,44,553,1171,735,260,1105
895:800,1056,24,1189,1023,1555,25,1353,699,570
84:1221,343,138,1050,1107,259,701,368,1244,795
642:126,1298,519,145,674,1425,221,1072,735,1258
835:809,1233,972,367,1116,973,1296,904,565,212
780:1628,1261,1056,388,984,1375,807,276,1524,600
931:1547,180,246,388,1598,805,1124,1529,485,1201
512:248,653,701,1060,868,994,475,300,156,1075
939:1180,637,519,1240,406,681,475,640,1170,853
193:867,112,819,21,982,295,91,263,1157,797
326:512,1228,913,580,1297,607,1429,855,846,99
411:600,1615,1469,192,849,537,1211,1454,1026,942
845:413,45,498,153,332,837,334,1014,1323,651
395:70,1462,1260,715,719,1044,877,323,955,1646
30:69,661,1375,1064,416,1299,218,1554,1136,608
908:1221,1188,80,452,1184,108,66,1338,355,112
381:1496,1072,246,434,1222,1541,672,854,511,1469
800:323,1391,1426,1000,428,928,1005,452,802,567
753:394,276,850,1448,430,805,1277,937,1431,1544
6:429,354,912,647,181,396,1289,841,1402,336
260:712,1169,278,1544,208,895,1114,90,1294,38
706:348,757,501,341,1280,1192,1074,298,497,1346
758:890,178,17,1591,692,933,942,979,826,499
586:481,5,211,1018,1456,542,219,846,304,1395
882:1602,1645,1136,1268,755,140,682,214,64,1199
474:771,1158,396,1194,1505,1650,866,1211,1375,48
523:1273,553,379,1599,879,1279,468,146,449,992
173:1269,919,509,756,584,294,565,1379,1324,481
676:1498,624,1495,997,331,629,444,980,486,97
406:1103,771,529,400,1404,1463,1100,1623,790,454
163:612,75,164,1010,523,928,1139,407,815,1136
504:229,483,715,494,1459,76,625,781,219,1333
198:252,234,1070,1205,1261,74,1295,426,10,959
321:77,590,612,832,74,1643,1394,1338,342,1203
456:178,133,790,1160,519,1021,386,815,417,1286
616:556,338,809,807,898,850,63,1050,681,418
701:701,486,960,1485,876,1419,87,667,234,111
229:220,894,273,355,781,1004,1429,487,10,1048
903:94,1115,1470,413,454,1602,1328,1613,120,1075
660:1138,465,634,295,672,293,670,301,1100,1440
533:791,46,661,617,596,1478,738,1183,641,455
654:226,1038,814,579,1090,1656,1002,1400,505,1009
292:416,848,1110,1187,882,583,913,1645,125,1501
683:888,248,849,692,469,1007,917,481,631,1404
821:1589,1628,388,888,1252,1217,926,1040,542,451
235:1024,1269,56,794,755,30,1662,5,919,829
669:967,43,240,1431,802,415,18,1607,274,2
174:149,497,1501,108,744,309,279,359,1023,405
380:1431,1051,821,942,815,1402,791,1179,1263,353
72:450,1261,1040,536,1050,108,588,315,1369,899
716:1043,454,224,39,1639,798,365,111,640,1048
118:639,276,1125,399,678,1189,552,971,1495,1344
337:609,574,1077,255,209,887,1048,1215,746,95
611:498,896,1014,1516,1454,1018,804,693,887,964
542:1161,1141,623,1335,617,30,312,973,1326,1313
221:502,1050,264,934,303,394,713,384,1585,1037
708:879,174,145,20,1157,267,972,851,693,336
534:271,119,331,850,303,532,1216,1002,76,284
102:51,633,53,169,831,1021,263,557,624,1185
317:1370,990,177,149,922,332,754,6,515,421
460:1126,514,1264,1438,837,384,86,504,197,199
22:335,456,1200,934,963,819,1389,703,1078,868
295:1499,1051,1431,40,889,408,776,304,627,719
218:482,295,367,982,1650,1028,180,964,1064,386
307:694,195,891,198,239,496,161,320,1294,1418
688:533,231,1605,596,1084,541,163,1105,473,283
651:354,1389,128,1225,150,226,1154,976,1159,596
159:1403,18,70,514,851,330,1304,61,893,327
877:647,602,252,1245,1395,294,1229,1428,945,883
56:130,84,412,336,1646,249,357,1012,263,35
360:540,69,441,1338,537,484,689,494,867,1405
281:792,1169,1518,336,236,1196,1239,621,1002,951
129:1001,972,880,1015,1078,1403,745,1294,889,194
156:542,1377,141,513,1613,67,310,370,1233,1163
942:1026,1201,70,815,450,1073,1253,1187,152,875
250:869,464,913,261,395,585,1077,625,942,614
867:262,67,5,411,579,237,868,619,416,1531
111:810,1191,430,720,1021,766,448,1261,1558,693
144:868,1215,983,704,891,580,849,718,335,1440
451:714,346,1015,564,80,1207,316,286,1392,81
95:699,1491,933,1506,1357,875,696,1474,661,524
4:831,403,1051,144,1305,793,1442,1346,670,617
310:1,1617,1505,992,675,1145,415,884,1315,34
793:304,480,1108,752,91,128,1155,376,436,138
492:1481,1187,686,431,348,705,975,399,417,625
469:422,570,832,514,109,764,925,1112,16,294
213:1435,295,1048,47,1085,1118,962,572,654,390
694:110,1204,1034,988,353,90,535,732,1110,963
783:1379,1265,1106,535,1060,1085,399,643,976,43
564:1642,340,1202,1140,551,640,753,604,99,851
373:536,134,940,1171,86,741,156,1519,1240,236
189:1023,616,948,1106,1109,896,709,672,944,593
445:498,251,1008,1007,421,282,155,819,57,388
552:1554,1370,1473,1057,192,401,368,1071,413,978
605:891,742,1555,919,1134,563,590,969,1324,56
243:217,585,908,92,673,108,79,672,670,7
807:683,1419,1116,1474,1346,488,85,362,961,1631
424:885,1078,1315,1123,756,80,406,1055,1427,754
938:1143,890,1645,369,1029,1519,826,84,1085,1511
614:154,718,192,1492,869,1313,429,1163,186,1369
120:135,619,542,1418,662,1303,607,985,1094,1262
728:294,221,790,681,887,1193,1073,1500,733,1075
817:1358,906,201,120,9,341,342,346,809,558
15:798,568,630,1166,1459,663,396,1207,1040,1026
116:409,404,350,790,282,871,813,990,197,997
60:353,730,1150,587,855,94,451,1173,652,1517
746:201,635,1025,898,542,63,1111,1167,90,565
485:27,1344,1121,1140,20,527,1497,1405,804,191
458:640,1299,693,655,1639,680,1358,215,746,1172
200:1052,195,548,712,1658,643,1406,330,860,321
650:862,107,843,1409,460,449,316,626,1281,912
136:731,539,637,583,1245,1176,1285,1326,810,105
319:977,1605,269,1073,1211,237,1050,1537,284,1482
633:266,687,814,38,1324,1442,1283,433,585,685
579:297,284,240,1271,55,553,675,149,509,1025
899:151,170,317,1193,18,816,1604,1191,668,247
342:115,1347,763,1024,422,916,333,573,1333,1537
439:212,275,113,119,661,1091,614,313,1015,138
713:444,59,770,255,228,119,890,1038,1298,1093
619:760,675,521,1039,1056,1425,149,109,1217,193
563:497,951,114,454,1243,689,208,526,1003,174
935:971,1620,1054,110,1112,218,939,674,189,889
378:317,90,805,667,538,1481,374,1141,1048,1157
823:843,1014,1411,295,360,939,922,2,930,73
180:607,604,1368,1004,936,809,1195,706,1098,263
921:893,283,1415,254,1357,1623,1438,1651,1344,432
841:789,704,68,1445,984,1304,187,1153,569,309
48:974,1178,1598,117,363,710,946,522,993,243
657:183,1553,530,570,1401,325,1024,160,699,875
855:1030,587,1032,1052,1280,1041,1651,1300,1377,549
919:142,761,1163,1413,796,164,833,417,370,97
723:330,365,303,834,1039,935,537,4,681,1316
794:1411,1204,846,178,4,252,95,1501,1306,1229
573:1054,396,1656,1409,42,618,883,1160,866,39
264:1136,1079,812,1268,1005,369,89,661,870,1623
528:623,1620,525,154,47,750,1512,462,389,548
839:699,468,427,509,676,237,793,1060,299,413
148:1240,241,979,572,231,523,929,1496,585,112
409:596,256,1124,525,413,982,68,522,289,1048
516:13,1440,301,97,210,200,390,673,1358,636
272:215,500,634,509,402,1629,773,983,292,83
629:641,1443,155,65,1087,350,1130,735,642,1544
