81:237,117,100,50,286,258,9,288,628,742
399:98,7,64,28,168,22,181,174,423,172
890:183,211,205,28,180,443,511,519,64,199
385:179,23,100,183,89,175,483,209,12,168
751:22,69,1,176,173,195,265,318,568,12
34:313,302,269,300,327,323,750,272,748,315
194:64,9,50,172,480,98,134,180,357,79
325:211,496,64,519,427,183,204,603,435,132
414:315,333,269,327,286,258,748,294,340,328
730:181,475,127,237,282,313,300,246,150,117
560:50,56,173,100,174,7,176,172,479,209
886:172,183,168,7,96,318,12,234,238,186
355:300,327,269,333,288,301,302,332,272,321
606:50,98,318,173,182,210,7,12,185,191
595:100,237,117,150,124,276,222,288,257,118
478:98,56,174,195,127,655,50,4,96,9
489:258,328,294,333,310,344,323,301,269,306
672:1,237,121,313,258,127,288,14,50,283
402:1,276,258,275,14,300,269,628,475,274
830:176,204,28,79,89,191,496,195,196,216
739:174,172,318,98,56,127,183,181,182,210
392:100,427,479,12,286,134,521,483,96,357
907:742,181,222,147,326,7,866,300,568,12
648:50,56,732,64,222,69,238,127,196,132
29:303,50,333,313,515,305,272,56,174,327
166:288,286,294,302,333,748,271,316,326,269
591:427,12,175,153,98,186,172,514,209,50
585:462,100,382,116,285,971,242,855,529,83
530:181,69,496,144,210,216,194,22,318,96
106:50,172,98,79,174,181,527,56,15,191
231:181,257,742,117,15,222,237,118,127,546
665:222,237,22,174,182,79,121,96,100,195
473:100,286,276,50,93,7,269,237,13,116
170:313,300,328,332,302,331,294,286,258,272
679:174,216,1,210,265,98,568,258,79,732
526:246,293,475,15,286,515,124,237,150,258
684:216,50,121,183,174,28,79,69,318,95
598:302,332,690,310,328,323,326,990,307,748
609:100,50,276,181,127,116,237,302,300,283
712:28,419,15,1,22,69,121,742,496,393
372:185,50,100,258,7,176,174,181,558,173
333:50,286,194,237,79,258,22,197,202,117
615:318,483,64,663,174,603,56,98,515,474
546:50,98,79,184,100,183,7,559,117,475
704:479,498,474,483,199,23,357,657,484,100
179:328,268,271,751,346,270,286,269,321,312
285:302,272,15,50,286,181,258,282,333,895
71:50,100,191,172,474,181,1,209,318,483
291:176,144,210,11,742,186,182,258,22,234
880:64,1,50,56,168,176,7,121,223,196
226:50,210,222,191,318,173,100,168,195,183
140:269,313,258,268,328,300,305,340,315,301
652:313,302,258,300,181,288,100,294,272,748
873:288,323,678,748,682,310,286,332,258,322
101:222,300,15,25,282,127,118,1,471,313
238:181,15,50,282,237,117,294,597,313,924
52:286,258,508,50,127,64,313,1,98,9
763:318,174,56,64,172,655,9,191,182,258
298:69,496,204,191,427,216,480,181,183,318
872:1,471,282,294,284,15,313,25,125,597
302:313,300,269,286,333,272,302,340,886,258
254:181,95,318,174,98,79,202,496,195,1
748:172,98,183,176,23,12,204,1,238,64
338:496,132,478,50,528,187,318,654,199,661
541:96,1,88,385,22,496,121,692,69,82
367:200,288,164,234,176,447,436,181,127,174
582:127,276,288,1012,150,237,15,298,248,117
455:174,22,318,258,143,210,234,195,9,12
282:302,313,268,286,300,270,292,340,303,331
600:181,258,177,144,385,233,121,98,403,265
314:385,181,174,173,96,64,210,125,50,195
465:168,172,427,69,96,9,483,195,174,124
860:269,127,302,275,237,748,751,25,306,327
112:313,258,288,294,271,331,268,748,340,327
432:100,127,257,117,7,121,298,269,471,250
698:427,168,318,496,174,479,181,258,136,98
19:181,174,50,302,1,315,294,28,172,210
377:258,333,302,269,174,50,326,315,678,300
659:172,181,69,50,511,498,357,474,134,28
59:234,474,50,238,70,185,203,191,216,1
495:69,183,22,588,210,28,196,191,199,203
637:127,300,258,15,275,298,286,294,283,748
43:204,22,28,69,11,132,215,50,1,739
216:69,186,195,11,12,204,176,258,318,96
309:302,327,328,300,294,313,272,269,323,322
941:50,121,1,250,127,286,237,118,748,268
124:174,79,183,181,172,176,117,50,89,22
153:174,50,318,172,98,12,195,210,64,181
876:50,64,127,100,515,483,69,357,98,194
442:183,50,22,182,258,181,175,265,100,79
184:134,211,474,174,482,180,479,191,133,168
557:181,258,172,100,302,98,313,269,250,117
913:174,172,135,153,209,1,186,222,216,79
90:180,133,50,238,504,514,520,64,663,175
481:174,496,172,127,173,205,98,511,197,203
627:187,182,56,174,98,79,172,186,100,69
204:258,313,286,305,269,268,300,270,289,245
729:313,286,258,315,328,302,310,307,294,288
10:56,427,506,208,318,357,124,661,485,50
790:202,195,210,127,69,64,96,79,11,222
577:210,172,15,22,196,405,132,228,566,56
812:313,294,310,322,258,690,304,333,292,272
435:50,234,216,265,423,95,100,204,153,191
737:98,50,56,318,172,7,135,195,168,475
693:210,197,318,204,423,182,172,187,64,181
567:23,180,211,98,100,174,12,64,661,511
828:313,268,258,262,305,328,292,344,315,304
786:174,50,181,69,79,22,427,118,193,31
276:168,127,200,483,194,210,97,9,208,191
419:98,483,269,427,603,132,124,480,172,170
133:313,302,333,286,307,316,300,310,347,751
244:56,174,12,100,98,96,210,11,204,182
500:174,12,318,47,50,483,191,203,173,64
358:98,191,100,64,50,12,483,127,275,172
851:100,181,237,655,98,56,1,195,7,96
123:480,479,318,474,180,127,174,50,238,357
421:195,127,181,483,318,216,22,135,7,28
389:479,496,127,133,478,427,183,70,511,180
755:313,288,332,322,328,879,294,333,319,315
268:56,98,22,186,4,64,258,175,69,100
741:174,197,79,202,183,127,210,173,28,423
620:204,143,210,202,176,82,419,385,318,79
496:195,12,64,181,50,144,22,173,176,168
351:272,286,294,690,288,302,315,245,879,258
570:258,286,340,288,302,307,313,301,269,331
726:100,237,286,121,258,50,282,742,117,276
345:196,22,423,96,234,194,357,8,182,195
894:276,269,137,127,302,70,268,508,50,283
643:98,204,183,202,181,69,203,182,89,357
85:98,185,493,23,427,56,100,478,654,275
932:23,480,134,482,357,474,50,483,56,127
834:475,508,222,293,300,302,248,245,121,147
190:100,315,258,237,282,181,286,748,127,333
513:300,237,15,275,748,597,1,866,7,742
329:237,9,285,275,222,257,304,313,690,258
846:204,174,79,191,496,132,180,195,211,56
410:286,258,302,311,300,333,346,332,310,303
734:174,22,132,210,79,357,8,71,69,216
346:258,7,566,1,69,222,98,118,176,28
622:203,265,186,258,1,68,153,357,288,210
33:294,326,322,332,304,316,301,302,538,748
815:216,181,69,203,211,208,79,318,96,82
261:288,323,307,289,313,258,286,748,268,125
581:286,276,269,1,124,181,475,237,302,258
883:204,191,98,186,187,56,663,427,135,175
396:300,258,222,294,717,181,50,313,125,147
359:121,294,298,257,100,748,258,222,125,127
893:181,117,174,195,79,204,7,475,257,98
777:98,69,50,483,174,127,186,208,210,318
675:315,302,272,340,345,303,307,311,327,515
522:187,427,357,174,185,127,89,474,197,521
407:1,204,96,181,173,127,144,234,79,132
518:117,147,282,294,508,111,181,151,1028,300
162:50,294,313,288,405,100,258,118,475,127
199:100,127,275,124,50,515,1,293,150,248
320:181,566,50,98,12,265,144,82,258,230
417:174,176,204,50,100,186,203,172,7,79
9:302,269,181,257,515,127,258,313,100,9
826:50,89,183,176,82,56,550,161,96,204
902:174,195,127,173,258,191,199,22,181,427
661:64,28,202,423,496,98,175,258,479,234
477:118,117,121,288,742,1028,125,100,405,9
773:173,174,195,89,56,79,191,96,1,58
680:100,127,475,181,508,7,124,275,13,258
809:258,333,269,288,316,301,327,324,895,305
825:300,1,328,471,148,405,333,1028,15,127
175:98,423,318,127,174,357,427,28,132,202
752:315,286,272,268,300,294,313,258,303,328
169:479,483,180,197,69,174,474,275,286,510
206:272,270,300,286,319,316,245,347,327,328
592:174,56,172,474,7,186,82,210,209,202
334:64,127,176,56,4,508,197,134,168,496
545:210,173,195,222,95,385,98,144,22,71
119:258,172,127,12,50,333,1,69,195,173
222:195,96,202,265,98,56,143,215,173,82
610:237,196,28,50,89,79,357,127,64,56
707:509,14,514,127,50,237,1,529,83,480
105:310,315,300,258,242,346,340,895,301,292
762:313,269,300,304,340,333,327,306,272,315
535:211,511,98,23,12,474,64,357,187,127
524:64,98,496,185,28,12,9,511,427,203
234:134,199,197,185,479,496,205,211,663,174
461:286,302,258,272,315,269,311,333,100,124
767:98,496,174,318,50,511,484,185,135,181
294:257,258,150,628,1,302,1012,93,272,307
23:50,98,168,318,135,180,357,479,12,191
306:14,124,276,127,100,137,475,1,242,302
689:257,222,294,313,405,742,237,127,1016,328
717:50,181,288,405,742,1,276,248,508,121
363:258,56,183,7,69,98,186,204,1,234
655:12,23,474,56,100,192,483,496,318,180
55:96,195,172,183,182,176,568,82,187,210
820:313,258,269,300,272,310,286,879,294,271
286:98,228,185,22,318,496,100,168,204,258
253:174,172,265,204,28,168,181,357,195,196
157:181,124,475,9,14,285,248,237,302,150
718:237,117,181,50,288,1,258,25,274,125
864:202,96,181,588,385,100,88,568,89,135
68:222,100,1,515,9,300,471,508,333,410
147:313,340,311,303,258,315,327,242,328,344
768:50,15,181,742,276,300,269,148,7,268
208:50,204,98,174,234,732,435,210,79,69
94:4,195,176,96,181,479,403,69,215,175
311:69,215,97,318,186,143,87,211,11,485
466:56,144,183,568,79,403,127,89,12,204
658:12,79,275,64,195,237,475,286,173,204
212:174,191,435,357,127,22,98,50,180,97
128:318,174,12,70,172,196,195,22,181,660
370:174,474,483,187,234,56,89,127,28,185
782:315,302,271,326,678,294,286,879,327,690
879:258,257,294,117,121,515,100,288,742,286
446:258,302,313,300,340,286,327,307,242,306
188:181,197,183,180,172,202,196,22,182,423
553:657,185,496,654,199,498,179,50,194,211
450:98,196,203,234,9,173,134,511,31,199
61:313,302,258,690,288,272,269,748,328,294
127:313,181,323,515,326,328,118,227,286,173
425:195,174,117,176,7,89,12,186,210,173
635:258,272,313,286,315,306,305,344,268,340
816:328,258,286,333,678,347,331,682,292,302
431:313,258,323,332,310,690,302,50,272,288
14:100,64,98,318,511,182,134,127,475,4
117:100,118,195,210,79,22,182,64,748,300
486:127,286,100,285,257,15,274,282,293,273
93:100,127,50,151,286,237,181,515,25,258
624:276,117,405,222,13,269,471,333,307,1012
201:98,174,56,22,23,195,127,483,209,64
849:181,50,258,96,1,22,237,300,82,257
137:117,258,265,7,118,566,144,742,22,1
240:315,300,288,327,305,333,306,896,324,346
40:340,286,302,306,269,315,327,301,258,304
215:176,69,204,1,153,79,181,435,527,655
438:127,257,181,405,742,117,222,288,125,151
904:1,118,15,294,121,258,100,476,866,125
562:50,204,172,176,69,181,216,357,1,210
379:195,50,197,196,181,228,186,180,127,423
183:172,50,181,173,89,174,22,183,1,210
924:98,174,69,56,127,191,496,22,222,183
558:127,14,276,302,283,475,257,313,690,221
2:124,127,9,50,515,19,258,137,690,508
507:272,307,286,269,323,331,895,347,268,877
744:50,179,187,427,100,98,9,56,134,185
801:328,258,270,347,678,286,310,343,323,307
49:23,50,127,174,183,176,200,258,203,173
854:127,174,135,194,521,172,137,498,187,195
13:64,479,98,174,480,205,195,176,96,427
574:315,313,340,328,269,286,333,310,307,750
722:50,237,1,258,276,15,181,313,742,294
341:300,313,333,682,258,322,269,328,271,270
795:172,50,96,183,173,56,238,176,11,195
898:302,315,288,258,286,294,269,300,333,307
150:50,237,276,100,124,298,286,285,269,293
936:258,124,14,269,137,288,257,222,301,302
838:95,195,318,173,98,64,144,216,11,79
940:79,98,64,318,12,183,187,234,181,100
271:134,423,528,474,208,185,56,194,435,519
517:258,121,237,257,15,289,118,1,250,294
842:315,302,300,286,288,310,294,316,690,258
130:56,655,96,318,82,172,173,288,100,31
920:315,269,272,288,286,300,316,270,340,245
897:195,50,1,202,132,99,181,427,183,357
37:176,403,50,181,144,82,568,385,431,187
82:127,527,479,205,133,180,483,187,427,23
569:269,50,285,181,508,591,313,121,127,300
384:315,269,288,300,322,331,294,327,316,340
448:269,313,315,327,268,346,286,328,288,316
324:237,328,742,333,181,100,313,298,121,7
413:127,1,302,285,19,293,288,25,118,475
731:318,496,50,427,172,211,181,174,479,187
356:302,288,331,300,310,286,269,346,271,690
887:28,174,98,423,183,237,56,222,215,100
74:333,50,302,286,628,316,117,269,323,294
725:313,272,237,302,124,294,508,307,7,340
917:117,100,111,475,121,258,1,275,742,15
749:97,28,194,357,56,1,318,64,479,222
671:56,79,176,183,550,204,431,265,385,226
833:174,127,64,98,1,7,603,197,173,318
403:50,117,121,15,125,257,126,25,748,288
195:98,50,153,174,483,172,12,9,204,69
17:100,50,117,181,257,14,121,275,127,508
393:568,210,174,195,121,202,69,1,50,15
538:50,64,234,318,168,357,186,117,132,96
906:475,13,237,508,269,293,50,1067,25,124
149:258,315,288,304,887,327,344,262,345,328
383:23,211,498,185,318,133,174,199,661,607
165:50,56,22,172,1,69,210,98,183,195
596:326,258,271,292,748,678,310,322,690,311
628:288,313,269,328,286,327,268,333,879,331
603:174,258,195,1,144,96,237,98,117,210
584:50,1,174,135,181,168,183,96,202,144
604:50,56,258,515,98,219,185,218,201,124
666:174,474,134,479,521,197,657,493,9,178
531:292,310,269,304,328,311,258,307,322,346
230:174,318,181,183,215,173,210,732,133,191
472:204,210,172,121,588,144,98,95,568,294
525:50,100,222,117,742,258,313,628,475,127
171:346,286,288,272,340,333,305,319,344,896
678:181,100,258,286,121,237,118,117,222,475
79:286,237,313,116,50,302,475,257,14,127
404:288,302,323,326,315,682,873,333,322,304
8:230,96,568,7,98,79,515,173,64,161
771:117,204,174,318,70,275,222,79,168,313
330:143,196,181,69,176,216,50,173,222,258
549:181,300,282,15,845,1,117,222,257,276
39:315,286,300,310,327,272,340,343,271,346
703:258,15,508,515,313,117,7,276,742,475
901:79,385,318,183,265,202,82,176,98,196
70:174,183,98,204,195,196,121,483,176,153
290:204,69,82,195,132,121,228,173,191,427
51:172,98,174,181,89,318,427,195,183,1
100:313,307,286,333,288,310,340,879,271,306
237:134,480,174,185,483,50,69,180,484,234
916:180,186,182,79,50,168,179,191,188,47
301:22,183,7,173,423,385,655,234,566,228
885:172,50,69,181,202,98,385,588,732,496
257:127,286,124,269,302,248,116,9,93,15
714:222,298,121,237,597,328,15,742,257,825
339:174,480,185,50,204,657,47,443,135,69
143:300,258,302,315,294,286,682,323,332,327
540:127,237,288,508,275,124,15,93,151,405
227:237,286,275,9,248,302,181,117,258,515
454:172,181,265,127,69,1,98,143,12,70
778:181,96,172,50,210,183,176,202,127,56
283:172,181,174,121,96,82,1,195,385,176
315:238,183,180,64,182,47,179,197,483,134
462:294,258,307,286,690,302,678,748,304,271
934:183,50,64,127,496,98,197,357,180,79
24:50,258,22,168,357,174,195,4,423,172
113:298,300,288,313,748,222,237,150,301,181
228:313,300,302,269,340,258,327,324,100,50
374:195,181,566,258,121,50,11,22,318,172
875:23,483,100,427,238,89,209,127,318,175
491:276,14,137,275,127,302,221,9,283,269
506:98,181,216,202,222,22,496,265,318,127
58:302,22,173,216,318,96,258,89,196,423
366:100,98,183,234,258,558,7,218,50,379
636:237,1,9,117,276,476,286,50,405,275
211:237,50,100,181,121,515,64,187,521,1
829:14,285,127,9,137,50,237,736,181,20
859:237,508,100,50,181,7,117,276,742,246
308:98,496,209,69,498,12,9,176,483,181
18:496,483,506,498,199,528,435,654,511,657
653:132,176,98,183,195,168,172,182,135,196
798:172,181,71,385,423,318,69,732,196,79
65:69,172,496,174,28,181,127,183,79,186
861:275,14,100,509,212,707,582,285,463,283
554:1,121,237,64,183,176,588,210,566,195
929:174,183,187,23,234,427,64,176,79,181
369:302,288,313,272,50,307,344,258,269,300
788:191,22,174,127,172,216,496,197,526,195
482:300,258,288,286,250,100,269,323,751,310
453:56,96,195,50,182,181,204,176,150,218
288:127,69,98,9,191,172,153,194,187,28
205:313,258,272,302,294,307,288,315,286,328
97:135,181,496,185,176,427,194,173,210,474
494:50,318,282,117,275,1,79,257,471,125
811:313,300,302,328,272,269,323,288,301,310
791:286,258,313,748,515,100,272,294,690,879
434:237,117,742,294,15,284,685,222,258,282
692:50,294,237,742,15,117,125,121,471,56
785:172,96,98,181,89,210,100,144,202,176
566:174,172,79,195,216,183,318,180,96,603
700:79,56,172,22,258,64,89,204,98,168
187:98,318,174,69,50,172,79,204,357,180
45:237,300,151,1012,222,866,255,405,125,25
733:285,127,137,475,269,14,13,258,50,129
134:300,328,333,302,271,690,288,879,310,307
418:313,300,302,258,301,343,323,286,328,315
503:127,483,191,196,28,480,194,357,521,182
808:258,315,288,272,286,346,316,895,310,271
245:275,237,118,117,257,127,121,15,471,748
62:64,655,195,11,204,79,276,42,175,186
426:98,498,479,496,520,211,100,183,435,127
850:98,216,1,196,423,496,186,183,143,195
122:64,98,50,318,174,23,79,527,69,216
259:50,174,195,56,89,127,474,238,603,11
824:258,269,313,300,288,286,303,323,340,748
269:180,174,14,480,357,187,175,12,170,496
740:313,333,268,301,286,272,316,315,245,269
275:174,183,172,195,202,496,204,234,89,28
621:1,56,204,174,195,7,257,202,176,69
202:50,174,483,183,56,144,176,79,172,479
721:132,88,202,98,300,191,195,228,210,1
571:50,79,318,100,127,97,98,427,1,56
344:12,318,172,483,56,9,134,514,462,83
640:98,56,172,69,183,7,176,258,144,181
1:168,56,182,1,173,4,69,423,474,188
756:195,172,222,174,22,79,385,423,98,237
912:174,69,50,172,480,186,603,58,181,98
388:272,748,682,332,271,315,316,301,327,751
510:328,300,288,294,258,322,307,302,332,333
191:302,272,269,333,307,258,328,288,268,300
328:28,174,64,204,50,196,210,181,191,97
923:117,15,300,127,508,7,118,25,471,258
847:64,195,22,1,176,69,121,168,684,56
589:748,258,326,323,302,307,873,292,333,879
735:100,275,300,269,93,15,222,283,303,471
352:89,22,187,7,127,318,258,483,188,11
509:313,333,294,269,300,748,127,515,100,315
387:176,183,64,12,11,234,655,195,187,23
262:172,216,173,196,12,100,527,79,50,174
837:237,1,181,313,283,748,50,326,100,471
933:98,127,50,172,234,188,173,176,79,204
580:117,127,1,7,222,258,237,291,742,763
884:286,276,137,124,86,13,283,50,153,129
32:100,127,293,475,222,269,117,150,15,151
397:603,50,179,98,180,496,64,89,195,514
892:195,204,176,199,28,527,50,133,186,143
428:286,328,333,258,344,678,332,895,306,242
161:357,318,234,100,174,79,237,515,22,7
196:100,50,1,204,216,435,191,514,194,9
519:302,300,307,272,269,286,310,316,315,333
323:318,56,174,42,12,182,475,69,181,168
497:228,69,222,204,183,258,89,496,4,7
416:64,172,183,216,144,265,237,79,95,203
732:313,748,310,323,302,286,678,328,322,258
905:127,286,50,181,269,15,276,285,257,475
662:475,124,1,50,269,14,7,127,268,116
476:186,174,50,195,204,173,176,153,209,172
521:172,174,144,50,210,7,475,89,182,24
674:257,237,222,300,258,282,125,100,15,405
911:50,357,496,98,132,427,175,483,185,196
88:269,313,300,302,292,304,315,310,990,751
390:50,269,690,127,328,124,276,237,245,13
176:127,475,508,258,181,269,1,313,276,410
168:50,237,118,111,284,222,288,476,7,258
593:28,275,258,15,64,22,732,202,195,191
613:100,98,172,302,181,479,173,318,705,134
223:117,15,237,121,125,284,591,50,300,151
776:185,23,474,64,180,357,172,195,208,480
536:419,202,183,173,216,196,1,143,64,117
104:50,508,237,269,127,258,288,7,286,124
233:64,98,357,211,496,427,183,79,509,480
471:50,181,28,204,202,174,1,588,71,15
297:195,172,318,79,144,234,69,64,22,655
766:50,98,480,194,172,197,199,427,435,204
305:483,174,23,98,191,64,100,179,56,194
686:483,195,210,100,238,7,22,175,185,1
697:117,100,258,248,508,282,15,276,410,273
710:127,474,172,480,98,657,195,181,182,654
7:181,172,127,357,1,23,187,176,89,135
335:313,328,302,258,294,748,343,272,264,286
362:315,288,286,272,748,270,316,340,310,346
774:89,174,172,64,210,203,195,265,181,135
928:50,100,64,153,275,194,483,56,462,174
287:50,7,181,405,475,127,288,109,150,258
20:50,121,172,79,98,202,385,28,318,265
27:50,1,117,7,127,276,508,237,147,328
77:7,12,181,64,180,200,174,185,603,191
719:28,97,127,176,143,56,196,50,237,183
865:127,50,1,181,117,151,257,93,124,289
224:204,50,64,202,210,174,172,181,195,143
146:333,286,327,288,310,316,303,307,344,748
54:288,181,15,7,300,323,222,628,257,508
871:174,181,176,183,82,144,385,684,651,117
818:315,333,272,269,300,310,307,262,344,340
312:519,194,435,174,663,127,318,64,56,504
248:174,195,144,173,56,183,79,403,12,22
467:50,127,181,508,7,313,124,248,237,129
761:181,300,127,100,405,118,313,150,742,257
69:174,100,127,144,1012,293,237,96,64,257
638:195,79,22,568,56,176,226,566,222,118
154:168,179,180,64,98,23,127,183,195,186
252:285,127,258,100,137,288,50,93,25,237
878:318,480,527,174,357,479,79,514,132,199
447:195,172,176,1,64,202,210,186,423,257
550:50,313,294,258,237,678,121,269,100,286
365:286,258,313,300,100,50,13,333,9,237
457:69,50,265,121,735,127,431,496,238,97
775:302,315,313,271,322,269,333,316,294,268
209:100,286,515,276,127,269,283,181,7,9
126:272,333,269,286,346,347,310,245,294,303
349:100,285,50,9,286,288,117,127,258,13
66:50,100,1,222,288,181,15,475,118,294
862:89,174,496,28,191,204,194,31,1,423
114:50,181,134,127,64,89,185,56,480,174
430:127,181,96,603,9,237,7,183,176,269
696:269,272,258,313,306,328,300,340,347,242
781:98,56,174,357,23,79,176,89,185,12
371:172,195,216,168,196,1,127,56,121,28
279:176,172,96,181,50,183,98,194,228,127
625:98,79,89,56,127,173,210,168,657,1
92:7,98,195,655,173,12,127,22,135,200
498:56,209,127,100,199,211,483,185,7,318
138:127,23,50,134,209,474,174,64,195,475
241:272,302,315,751,294,312,328,327,332,316
214:135,514,9,511,50,168,474,203,357,14
41:79,183,174,176,474,7,172,168,204,64
632:196,50,496,228,28,1,210,79,153,176
561:191,474,182,435,496,127,64,209,475,504
769:742,121,117,284,237,181,258,471,125,288
440:286,315,302,275,307,269,898,300,100,14
182:50,117,237,257,118,25,275,95,56,121
559:204,97,50,79,100,187,196,64,423,172
487:172,181,50,174,202,222,7,318,79,95
802:313,333,328,322,288,286,307,332,690,304
853:313,258,332,294,748,328,271,690,272,310
423:272,315,15,286,328,50,269,285,7,288
647:50,204,210,98,172,318,181,97,95,732
796:50,98,1,210,216,125,79,7,655,566
575:50,172,174,64,98,204,181,56,22,132
12:181,183,210,22,202,1,64,496,98,95
340:181,174,172,28,98,22,210,432,216,79
644:742,245,181,118,471,313,7,286,678,1
691:100,174,183,318,12,483,89,357,172,286
488:172,174,196,195,79,132,423,143,216,194
937:286,100,276,127,475,258,137,181,269,257
514:174,168,64,655,183,181,204,56,127,234
270:100,174,1,258,7,12,172,202,655,318
814:56,185,258,50,201,183,443,127,218,181
927:1,69,50,174,82,172,318,22,181,202
843:50,56,98,183,234,172,222,12,208,96
131:275,137,272,116,311,257,306,248,515,221
246:69,64,176,195,22,79,168,258,174,96
99:117,96,288,333,121,258,144,118,257,174
896:196,69,56,732,181,28,238,423,204,357
36:302,313,300,272,328,751,322,258,270,327
568:100,511,211,480,603,197,498,134,23,180
869:100,50,286,222,258,181,313,1,7,257
266:269,302,475,127,276,124,300,257,237,297
449:14,286,275,475,116,50,86,9,509,190
743:286,313,289,276,269,258,333,127,288,257
412:50,89,209,12,98,79,22,144,69,11
736:50,100,269,288,298,181,508,300,237,258
770:276,50,286,237,127,181,313,9,1,246
888:98,50,275,216,127,173,223,1,357,462
357:121,282,50,25,628,742,15,288,181,291
83:183,174,172,210,202,98,176,50,96,195
724:313,288,300,307,678,269,690,302,331,271
347:174,258,98,64,176,22,11,12,183,566
670:183,172,423,197,496,127,176,50,98,194
930:237,181,15,50,286,100,127,742,25,471
832:328,272,258,294,315,300,288,323,333,271
745:50,318,127,56,479,168,79,1,302,357
192:286,237,124,269,276,15,181,313,1,275
327:64,98,168,56,183,179,50,654,134,203
844:96,56,144,79,7,204,195,385,98,156
31:483,56,100,182,474,174,185,480,603,462
394:174,50,1,183,121,22,153,226,258,288
909:213,100,285,283,242,462,475,124,313,70
539:100,286,98,50,654,79,127,191,64,56
382:180,318,483,182,134,23,64,98,498,127
597:117,1,222,121,257,275,258,127,7,150
64:174,144,173,7,202,204,483,222,258,153
587:302,294,269,328,340,301,682,326,286,347
881:204,98,181,215,172,69,196,234,197,168
607:480,134,318,98,479,427,23,603,286,357
475:272,288,286,302,313,690,751,258,515,311
172:100,64,127,174,357,480,654,50,172,275
677:258,121,50,282,181,276,222,118,597,147
75:237,742,181,276,628,50,294,147,15,127
405:174,204,172,50,69,210,1,64,203,443
78:100,127,1,118,121,300,275,15,405,294
164:50,322,237,118,546,294,121,298,282,147
331:285,269,303,276,127,311,327,289,340,137
617:135,98,483,180,56,197,23,474,514,654
422:288,7,124,508,269,25,293,9,405,257
3:258,302,313,307,327,269,323,288,326,271
702:50,228,181,313,300,449,294,748,172,1
38:204,174,121,588,117,568,79,98,215,143
532:64,28,69,172,258,174,196,203,176,1
900:100,50,64,174,127,89,98,479,22,12
667:64,137,100,197,127,133,479,12,14,56
293:98,182,7,203,1,195,9,134,318,204
765:100,285,124,475,276,50,302,269,116,150
682:69,258,318,64,174,568,50,186,204,28
103:50,1,597,237,181,405,7,222,258,742
668:313,315,333,294,344,305,310,258,682,301
50:127,258,313,50,410,269,276,100,7,246
236:174,82,196,22,357,204,172,79,181,127
594:286,50,302,127,276,1,14,285,181,515
73:182,98,23,174,50,134,483,191,198,427
602:50,222,255,742,313,286,282,25,258,15
158:96,89,181,79,12,1,127,153,258,403
256:204,121,174,172,56,1,176,183,64,173
715:56,258,22,172,100,174,210,222,69,288
336:100,174,172,1,79,181,69,98,173,144
543:127,204,23,100,172,182,176,483,186,50
220:300,302,269,313,307,331,321,315,328,327
142:50,172,174,258,1,195,208,183,96,153
709:50,79,181,258,144,204,64,7,257,186
280:98,28,100,64,732,196,172,176,258,50
779:300,237,121,748,742,25,597,866,763,250
316:357,79,181,318,127,514,86,174,269,603
265:50,628,117,282,121,181,222,546,405,15
463:124,50,276,14,181,297,9,298,1,340
219:302,318,313,98,12,100,315,50,191,64
300:328,748,294,313,340,332,245,271,269,895
57:300,121,117,1,118,151,628,742,866,127
375:79,96,174,98,12,50,144,56,568,172
874:100,242,269,313,475,303,248,744,273,19
759:127,294,250,237,763,15,100,257,597,125
361:100,172,179,185,474,89,209,496,663,187
914:88,50,202,98,732,181,196,15,216,69
210:172,423,183,496,196,194,203,234,173,100
858:276,100,50,181,258,300,302,304,285,1
943:56,96,176,288,82,144,204,202,7,568
251:50,181,121,257,258,117,111,294,588,318
151:197,480,498,527,511,98,199,479,357,211
799:237,300,269,288,879,257,326,323,301,303
866:269,286,302,258,272,311,313,316,344,305
110:174,195,100,210,56,186,385,181,313,237
145:258,204,1,144,568,655,172,210,121,28
618:172,195,183,216,318,202,1,204,210,143
368:237,7,326,269,276,257,288,222,333,15
483:127,222,300,121,742,117,286,294,237,475
452:215,183,132,211,318,204,234,56,482,357
493:172,174,195,50,64,127,11,1,186,202
468:197,79,483,168,7,234,11,223,474,238
96:172,12,173,175,144,134,603,135,168,191
548:117,742,121,748,174,294,125,127,276,591
437:174,427,9,97,523,127,498,506,191,474
695:300,269,286,313,301,305,272,306,294,344
565:275,170,213,14,286,198,285,100,511,509
649:121,237,100,222,742,117,276,118,405,288
16:204,50,176,173,181,82,203,234,153,191
784:286,328,300,269,245,294,879,750,316,322
444:258,286,181,302,15,326,288,294,690,237
186:204,96,121,181,195,50,174,210,237,125
555:258,237,15,276,250,121,508,25,742,515
135:100,50,7,174,302,127,79,89,200,172
242:1,258,303,274,301,286,289,284,271,288
502:300,258,302,269,271,326,343,304,294,315
806:195,64,183,181,100,172,7,79,173,474
46:258,50,300,302,508,237,310,311,285,312
121:286,50,127,285,223,462,170,269,272,529
427:269,313,258,748,879,294,690,323,327,326
63:127,285,275,475,1,124,129,269,293,117
258:328,258,332,288,245,269,304,302,678,307
810:288,300,258,271,286,302,332,682,895,307
747:199,480,435,179,194,506,197,527,657,89
484:22,28,71,228,118,132,161,568,216,191
459:237,282,258,597,118,100,298,147,323,471
274:181,121,313,1,294,284,272,255,248,286
203:100,237,127,258,293,475,300,7,508,257
318:174,318,98,100,197,660,172,479,357,238
572:258,276,275,100,302,1,257,285,515,50
720:313,300,328,269,307,303,327,288,319,344
343:318,98,203,172,204,173,234,183,22,182
87:181,176,1,195,96,98,69,144,173,191
623:172,174,168,202,173,15,318,69,22,209
641:56,474,182,480,185,603,187,174,479,12
757:181,69,234,550,127,385,1,265,228,655
181:237,1,117,257,15,258,100,111,118,275
840:211,479,511,134,185,427,478,603,498,168
634:258,276,282,181,288,127,1,300,7,147
922:176,172,95,204,56,195,82,318,423,121
505:181,50,172,202,69,28,204,318,79,168
44:98,186,234,194,28,176,215,79,91,385
588:174,96,172,202,237,385,196,98,117,176
353:302,272,258,300,269,316,310,748,690,307
918:197,14,100,70,483,213,480,478,657,514
856:302,313,333,344,331,328,271,306,316,310
848:496,69,98,181,79,435,185,480,127,705
386:181,742,300,7,50,121,288,258,237,118
529:300,313,272,748,879,302,678,315,323,306
263:172,176,50,496,28,191,203,216,211,511
925:300,258,313,333,328,326,304,271,286,895
408:313,258,269,286,300,316,344,333,346,690
836:98,135,64,50,514,479,480,197,182,127
511:258,288,313,300,302,301,326,328,307,332
80:127,357,197,286,56,318,174,528,79,134
398:98,174,511,180,484,498,204,89,526,134
891:15,117,118,1,50,125,9,300,222,405
35:258,332,288,310,333,313,690,302,328,323
750:302,268,258,307,313,333,340,321,288,326
401:127,98,423,69,28,427,9,237,100,480
160:64,180,12,238,185,183,179,318,176,50
197:195,210,181,127,56,182,79,96,385,318
322:174,98,180,64,134,100,238,56,135,89
415:50,603,89,496,187,168,98,181,318,172
583:56,50,127,98,79,173,474,168,318,169
804:79,172,56,202,69,64,96,216,423,258
354:483,318,50,275,190,14,221,514,496,134
827:313,302,258,286,300,288,315,333,310,327
464:313,288,331,328,323,270,678,7,100,271
663:258,50,79,237,204,22,172,127,273,195
805:56,100,174,318,64,180,203,436,1,204
479:98,50,186,64,96,56,89,79,69,227
673:302,300,258,272,268,333,751,307,748,301
520:313,302,304,275,127,311,297,272,292,316
831:98,79,302,195,89,172,318,234,258,474
89:313,257,258,124,591,255,275,125,282,302
915:258,272,300,269,333,340,328,304,346,316
391:197,483,496,211,127,98,199,70,514,181
28:172,144,181,98,183,173,96,135,64,22
167:357,479,197,211,480,134,143,519,185,474
590:50,302,269,19,116,508,9,181,242,313
705:204,22,172,181,121,496,568,588,423,143
107:313,315,286,288,303,346,319,262,344,307
664:474,50,23,208,175,211,357,204,186,9
537:514,9,498,657,98,170,175,12,427,64
232:127,180,174,135,195,182,318,134,496,168
470:237,1,181,127,285,273,410,628,15,25
527:318,483,480,179,98,50,474,134,64,199
177:98,50,64,318,96,4,69,234,228,357
304:300,328,258,288,326,333,748,323,471,282
608:174,496,12,134,132,97,480,181,170,211
687:302,286,272,333,258,301,343,315,346,310
711:423,174,527,479,194,12,28,204,173,100
332:176,69,11,183,100,423,82,95,250,62
547:272,300,288,286,310,269,347,344,271,294
612:50,181,742,121,222,237,471,282,748,127
76:195,56,50,174,318,12,23,183,191,187
178:174,204,95,98,423,385,79,183,732,121
681:313,302,269,300,312,245,332,315,307,311
284:313,327,272,316,301,292,300,319,306,751
910:172,96,181,15,150,79,100,156,173,475
21:50,185,23,184,151,53,508,447,183,7
296:64,318,12,197,302,511,137,474,531,8
141:742,118,121,748,291,1,15,685,307,148
789:288,237,246,258,13,410,7,302,313,298
225:174,50,603,357,427,423,134,199,69,197
870:187,180,127,234,135,194,191,50,79,204
239:483,318,23,496,498,211,199,479,514,480
53:237,121,127,117,222,144,172,1,12,7
764:172,181,423,204,28,79,50,385,195,183
639:197,515,474,480,479,211,478,100,134,498
299:100,318,357,197,132,174,180,9,199,187
249:172,96,176,183,173,181,655,474,234,258
760:50,237,294,117,275,274,1,15,100,471
303:172,79,64,11,24,7,427,28,188,265
5:195,82,168,69,96,202,144,7,176,56
255:300,313,181,328,222,50,302,333,250,118
601:176,1,98,195,56,89,69,204,23,474
738:655,357,79,168,210,257,185,318,151,200
551:1,22,12,181,172,423,50,144,183,588
772:286,333,300,288,306,316,690,751,301,270
364:302,690,313,242,304,340,311,268,315,898
26:276,272,237,7,508,258,275,286,628,257
313:97,185,496,474,197,28,208,88,603,483
348:125,546,181,300,258,405,1047,282,273,717
433:127,100,269,98,285,79,515,124,198,25
863:258,322,269,245,879,898,886,326,887,332
67:222,742,237,1,181,100,546,294,282,866
115:100,98,183,64,318,187,182,180,223,23
376:50,173,191,318,64,275,286,9,483,174
436:174,195,172,100,181,655,318,258,7,56
109:173,64,98,655,168,568,216,186,28,431
207:50,523,234,135,511,12,204,180,427,100
42:423,174,222,22,117,588,191,133,176,168
139:258,276,50,14,302,275,285,298,286,269
91:172,135,89,168,204,199,132,228,186,203
217:174,195,50,89,172,183,82,181,210,117
125:204,121,181,153,357,132,98,196,69,79
152:117,318,28,202,174,1,95,588,405,742
819:302,305,313,269,258,262,896,316,306,347
185:98,50,286,1,275,475,427,100,582,191
441:25,181,50,742,257,237,405,258,276,291
556:50,480,98,181,174,180,357,23,185,483
480:98,174,483,170,135,132,427,199,496,498
599:118,258,15,405,742,300,117,275,508,125
626:315,300,307,310,331,748,333,271,270,294
278:302,313,272,328,327,340,301,333,242,300
420:19,276,126,269,313,744,258,257,15,50
852:100,181,276,237,257,117,137,258,286,96
576:181,127,121,222,300,118,275,258,298,124
813:313,315,750,286,272,288,748,302,294,328
797:181,100,237,1,258,275,222,286,15,118
868:172,56,195,357,479,603,153,182,175,197
645:56,12,64,100,134,183,127,197,187,511
690:183,204,202,176,172,82,50,423,28,56
787:300,332,302,288,294,328,286,269,258,245
11:28,174,98,204,172,64,197,202,216,196
98:204,50,211,174,70,127,97,208,216,527
47:269,302,286,315,270,294,344,328,242,319
277:100,50,276,475,313,118,181,14,125,275
515:300,272,328,302,333,323,316,294,301,286
132:286,302,14,275,50,475,276,19,269,654
926:313,272,333,269,340,316,300,286,310,346
501:50,508,15,25,246,742,258,313,111,257
247:100,15,222,127,117,1,118,25,288,237
803:286,302,268,327,347,301,258,262,303,272
25:98,89,195,172,153,135,234,56,96,69
754:237,1,222,742,405,121,148,50,100,181
699:286,127,93,276,7,50,275,14,124,508
499:50,64,187,181,1,96,183,174,135,496
267:144,96,79,423,4,318,588,258,11,173
630:258,125,328,628,1028,147,405,410,284,546
742:181,257,276,7,222,121,285,137,275,151
508:98,89,64,195,135,179,7,134,181,187
350:134,183,496,357,474,135,520,511,191,423
889:4,50,22,258,69,183,203,47,238,181
429:98,64,132,655,234,28,423,1,196,12
727:195,183,181,168,50,56,210,1,153,257
895:50,300,15,117,121,258,257,118,25,222
84:181,50,405,275,742,118,845,257,9,288
642:202,82,318,79,739,121,215,8,12,423
835:204,185,523,480,79,187,50,132,172,527
780:69,50,98,181,174,183,196,132,82,95
931:269,313,50,285,258,275,124,15,237,276
512:98,100,64,12,357,603,174,127,258,151
939:117,282,111,284,288,471,597,121,147,1
193:50,222,181,121,288,405,147,204,56,15
326:199,69,172,183,197,435,203,191,234,204
411:98,204,96,69,173,222,135,197,195,89
845:302,748,315,300,304,272,100,305,898,294
395:50,69,357,204,265,202,95,22,168,173
30:302,50,300,333,328,316,678,307,121,272
908:98,174,79,474,234,181,89,182,172,176
381:173,197,100,170,511,98,234,357,496,204
800:117,300,313,100,286,742,25,118,258,255
753:318,480,496,98,127,181,187,1,168,479
6:174,654,98,657,179,197,603,504,127,100
260:300,288,258,307,286,302,313,678,328,272
706:15,742,222,121,288,127,282,300,118,471
758:174,56,655,64,423,211,318,357,187,182
586:50,22,210,176,12,62,385,82,204,257
882:385,210,71,204,69,318,22,196,174,1
474:133,180,482,132,443,357,190,208,510,136
523:172,132,174,318,275,216,655,69,186,70
173:313,307,310,315,272,294,301,333,270,288
676:258,313,96,237,56,423,300,196,22,133
406:479,172,523,100,69,187,238,12,197,234
163:173,69,50,191,215,168,181,100,127,483
504:204,56,423,176,79,202,22,172,496,181
198:174,127,183,180,12,172,176,195,175,79
321:134,427,474,170,482,174,506,98,89,136
456:98,134,64,318,28,100,182,191,12,9
616:300,272,327,328,271,315,751,346,748,333
701:283,276,302,181,515,14,9,258,15,306
229:313,272,347,305,315,258,328,300,303,242
903:12,174,197,100,127,7,11,176,168,135
660:172,174,69,228,168,89,96,176,204,186
533:423,98,210,237,97,216,732,56,79,127
654:176,202,222,318,70,98,100,181,7,82
292:98,50,56,204,318,427,69,22,185,172
683:303,286,258,288,315,269,272,313,307,306
821:69,204,172,202,15,117,98,50,423,121
235:127,357,172,98,199,527,132,180,134,479
669:603,174,127,172,474,134,98,318,483,234
174:98,318,216,172,204,1,111,181,258,22
380:127,172,179,64,134,97,187,173,657,357
72:195,50,56,313,172,203,181,183,22,168
716:172,50,132,202,191,183,64,96,483,180
118:50,168,357,182,12,318,89,183,173,11
337:181,1,258,172,423,588,82,300,117,174
611:302,313,258,268,288,294,328,327,331,750
542:427,98,22,174,183,132,95,79,215,204
221:174,195,22,98,11,12,202,288,237,64
708:294,282,288,50,15,300,742,546,476,125
534:125,405,222,284,181,50,323,258,100,126
102:172,50,89,173,181,176,69,423,144,1
317:294,682,313,302,258,323,271,326,678,272
460:269,275,124,14,50,116,237,508,744,257
22:172,56,22,183,204,210,202,186,82,121
295:204,196,423,69,50,28,496,181,195,176
218:56,98,302,174,185,173,50,223,7,127
307:7,195,98,173,96,186,69,202,183,95
688:300,313,268,294,328,682,748,310,331,690
651:313,311,14,100,127,272,289,294,137,324
159:121,237,300,258,222,742,50,748,288,1
877:181,172,204,64,174,50,12,286,7,100
56:22,96,196,423,228,125,144,230,257,121
360:98,303,187,9,180,515,427,132,514,186
281:313,328,272,245,682,873,294,678,258,323
129:313,302,315,327,340,100,306,344,288,285
156:357,174,127,135,511,179,134,205,427,23
942:22,204,28,98,79,133,69,181,132,88
250:64,176,168,173,209,96,655,174,195,318
867:64,173,187,179,216,100,4,127,427,209
111:340,258,346,345,305,288,272,310,300,344
144:11,100,28,204,79,143,275,9,483,127
451:313,302,310,286,271,268,304,272,322,321
95:174,318,132,176,423,258,135,732,203,234
4:313,302,294,286,682,328,272,333,323,307
310:127,121,117,1,151,258,100,222,237,288
793:276,475,7,288,121,15,237,313,246,269
492:50,137,357,275,269,191,302,14,180,172
469:50,134,132,480,427,174,199,197,657,479
213:96,183,196,69,153,28,209,191,222,186
694:480,479,498,234,208,443,79,1,70,173
783:286,288,300,313,294,327,321,268,340,331
564:50,222,258,15,237,685,294,286,748,1
373:28,216,1,98,222,132,202,195,732,258
189:483,50,98,211,427,506,482,204,514,484
445:181,117,1,22,195,318,172,50,11,508
552:181,288,100,276,257,15,255,328,275,25
605:318,9,197,127,12,56,79,174,237,423
243:100,792,191,318,64,238,286,197,275,216
807:202,98,183,196,88,181,173,176,195,121
424:286,1,285,50,313,515,237,124,181,283
938:117,1,15,742,100,237,475,300,250,294
614:117,25,237,742,7,282,475,286,273,15
120:117,237,181,100,471,127,15,300,294,405
728:237,121,628,282,475,286,7,1,111,333
817:121,237,405,50,276,7,181,323,742,300
15:286,127,237,100,258,1,25,282,181,269
116:483,96,12,302,197,100,50,64,176,168
60:427,174,663,211,97,520,480,133,132,194
746:50,195,210,56,79,121,168,69,98,89
485:258,286,272,315,288,310,333,303,340,327
458:9,483,174,98,357,211,50,185,179,197
200:172,79,181,195,265,117,69,216,405,133
650:185,69,172,474,97,211,195,127,197,64
136:275,100,285,50,237,508,13,126,269,25
319:286,300,272,258,245,315,333,346,327,326
633:174,69,202,22,181,172,176,56,265,121
579:204,172,174,496,211,168,385,210,71,237
899:69,210,173,143,144,96,176,181,56,183
342:318,185,64,50,603,174,134,98,195,173
439:269,286,302,475,313,100,288,124,181,275
713:286,313,288,300,315,258,340,748,294,333
619:172,56,210,89,265,127,1,182,204,7
563:100,121,15,204,257,64,174,22,866,181
935:50,222,471,1,258,25,257,294,323,866
378:183,195,1,202,56,216,168,496,69,99
823:1,655,12,22,69,318,203,210,202,234
180:64,50,172,174,237,204,135,12,95,88
921:50,204,318,95,258,588,385,121,28,82
841:307,288,879,328,316,327,750,294,347,340
48:174,89,64,179,127,168,435,134,515,28
657:286,50,150,100,285,313,1,293,15,405
855:511,529,50,100,86,14,286,515,509,12
919:237,50,1,111,69,222,302,191,289,591
723:313,50,172,181,1,302,173,56,194,269
794:100,124,286,276,302,237,515,9,25,7
573:318,483,474,357,197,194,98,423,97,172
264:174,12,195,172,23,100,498,176,435,50
528:172,318,204,483,183,265,568,79,98,176
839:276,13,181,100,25,9,237,124,515,7
148:204,181,183,173,191,189,195,208,98,153
409:134,197,654,427,509,183,180,132,7,9
516:276,1,100,257,475,258,9,222,197,127
272:174,195,64,135,181,185,182,180,89,603
629:318,216,181,12,11,423,82,28,100,79
